# of domain, cohortId1, cohortId2, diff
1 , 10913 , 1029 , 9884
2 , 1029 , 30306 , -29277
3 , 30306 , 8272 , 22034
4 , 853 , 18244 , -17391
5 , 16229 , 25416 , -9187
6 , 24726 , 25614 , -888
7 , 25415 , 16517 , 8898
8 , 24726 , 15379 , 9347
9 , 24454 , 24456 , -2
10 , 24454 , 24726 , -272
11 , 24454 , 15379 , 9075
12 , 15379 , 15379 , 0
13 , 24454 , 15628 , 8826
14 , 15379 , 15379 , 0
15 , 24453 , 15379 , 9074
16 , 15379 , 15379 , 0
17 , 15609 , 15379 , 230
18 , 15379 , 15379 , 0
19 , 17182 , 17459 , -277
20 , 15379 , 15379 , 0
21 , 17182 , 17182 , 0
22 , 17182 , 15379 , 1803
23 , 17325 , 17325 , 0
24 , 17325 , 17182 , 143
25 , 17324 , 17324 , 0
26 , 17324 , 15508 , 1816
27 , 17300 , 17300 , 0
28 , 17300 , 17324 , -24
29 , 17325 , 17300 , 25
30 , 17300 , 17157 , 143
31 , 17157 , 17300 , -143
32 , 17300 , 17300 , 0
33 , 17157 , 17300 , -143
34 , 17300 , 17157 , 143
35 , 17157 , 17157 , 0
36 , 17300 , 17300 , 0
37 , 17300 , 17300 , 0
38 , 17300 , 17300 , 0
39 , 17157 , 17157 , 0
40 , 17157 , 17157 , 0
41 , 17157 , 17157 , 0
42 , 17157 , 17300 , -143
43 , 17182 , 17182 , 0
44 , 17182 , 17182 , 0
45 , 17182 , 17182 , 0
46 , 17182 , 17182 , 0
47 , 17182 , 17182 , 0
48 , 17182 , 17182 , 0
49 , 17182 , 17182 , 0
50 , 17157 , 17182 , -25
51 , 17182 , 16661 , 521
52 , 16634 , 16661 , -27
53 , 16660 , 17157 , -497
54 , 16660 , 16660 , 0
55 , 16660 , 16660 , 0
56 , 16660 , 16660 , 0
57 , 16660 , 16660 , 0
58 , 16660 , 16660 , 0
59 , 16660 , 16660 , 0
60 , 16660 , 16660 , 0
61 , 16660 , 16660 , 0
62 , 16660 , 16660 , 0
63 , 16660 , 16660 , 0
64 , 16660 , 16660 , 0
65 , 16660 , 16660 , 0
66 , 16660 , 16660 , 0
67 , 16660 , 16660 , 0
68 , 16660 , 16660 , 0
69 , 17721 , 17721 , 0
70 , 16660 , 16660 , 0
71 , 16660 , 17721 , -1061
72 , 17721 , 17721 , 0
73 , 16660 , 17721 , -1061
74 , 17721 , 17721 , 0
75 , 17721 , 17721 , 0
76 , 17721 , 17721 , 0
77 , 17721 , 17721 , 0
78 , 17721 , 17721 , 0
79 , 17721 , 17721 , 0
80 , 17721 , 17721 , 0
81 , 17721 , 17721 , 0
82 , 17721 , 17721 , 0
83 , 17721 , 17721 , 0
84 , 17721 , 17721 , 0
85 , 17721 , 17721 , 0
86 , 17721 , 17701 , 20
87 , 17721 , 17721 , 0
88 , 17721 , 17721 , 0
89 , 17721 , 17721 , 0
90 , 17701 , 17721 , -20
91 , 17721 , 17721 , 0
92 , 17701 , 17721 , -20
93 , 17721 , 17721 , 0
94 , 17721 , 17701 , 20
95 , 17701 , 17701 , 0
96 , 17721 , 17721 , 0
97 , 17721 , 17721 , 0
98 , 17721 , 17721 , 0
99 , 17721 , 17721 , 0
100 , 17721 , 17721 , 0
101 , 17721 , 17721 , 0
102 , 17721 , 17721 , 0
103 , 17721 , 17721 , 0
104 , 17721 , 17721 , 0
105 , 17721 , 17721 , 0
106 , 17701 , 17721 , -20
107 , 17721 , 17721 , 0
108 , 17721 , 17701 , 20
109 , 17701 , 17701 , 0
110 , 17721 , 17721 , 0
111 , 17721 , 17701 , 20
112 , 17701 , 17721 , -20
113 , 17721 , 17701 , 20
114 , 17701 , 17701 , 0
115 , 17701 , 17721 , -20
116 , 17721 , 17701 , 20
117 , 17701 , 17701 , 0
118 , 17721 , 17721 , 0
119 , 17701 , 17701 , 0
120 , 17701 , 17701 , 0
121 , 17701 , 17701 , 0
122 , 17701 , 17701 , 0
123 , 17701 , 17701 , 0
124 , 17701 , 17701 , 0
125 , 17701 , 17701 , 0
126 , 17701 , 17721 , -20
127 , 17701 , 17701 , 0
128 , 17701 , 17701 , 0
129 , 17701 , 17701 , 0
130 , 17701 , 17701 , 0
131 , 17701 , 17701 , 0
132 , 17701 , 17701 , 0
133 , 17701 , 17701 , 0
134 , 17701 , 17701 , 0
135 , 17701 , 17701 , 0
136 , 17701 , 17901 , -200
137 , 17901 , 17701 , 200
138 , 17701 , 17701 , 0
139 , 17901 , 17701 , 200
140 , 17701 , 17701 , 0
141 , 17901 , 17701 , 200
142 , 17701 , 17701 , 0
143 , 17701 , 17701 , 0
144 , 17701 , 17701 , 0
145 , 17721 , 17721 , 0
146 , 17721 , 17701 , 20
147 , 17701 , 17721 , -20
148 , 17721 , 17721 , 0
149 , 17721 , 17721 , 0
150 , 17721 , 17721 , 0
151 , 17721 , 17721 , 0
152 , 17920 , 17721 , 199
153 , 17721 , 17920 , -199
154 , 17920 , 17920 , 0
155 , 17721 , 17701 , 20
156 , 17701 , 17721 , -20
157 , 17721 , 17920 , -199
158 , 17701 , 17701 , 0
159 , 17701 , 17701 , 0
160 , 17701 , 17721 , -20
161 , 17721 , 17721 , 0
162 , 17701 , 17701 , 0
163 , 17701 , 17701 , 0
164 , 17701 , 17721 , -20
165 , 17701 , 17701 , 0
166 , 17701 , 17701 , 0
167 , 17701 , 17721 , -20
168 , 17721 , 17701 , 20
169 , 17701 , 17721 , -20
170 , 17721 , 17701 , 20
171 , 17701 , 17721 , -20
172 , 17721 , 17721 , 0
173 , 17721 , 17721 , 0
174 , 17721 , 17721 , 0
175 , 17721 , 17721 , 0
176 , 17721 , 17701 , 20
177 , 17701 , 17721 , -20
178 , 17721 , 17721 , 0
179 , 17701 , 17721 , -20
180 , 17721 , 17721 , 0
181 , 17721 , 17721 , 0
182 , 17721 , 17701 , 20
183 , 17701 , 17721 , -20
184 , 17721 , 17721 , 0
185 , 17721 , 17721 , 0
186 , 17721 , 17721 , 0
187 , 17721 , 17721 , 0
188 , 17721 , 17721 , 0
189 , 17721 , 17721 , 0
190 , 17721 , 17721 , 0
191 , 17721 , 17721 , 0
192 , 17721 , 17721 , 0
193 , 17721 , 17721 , 0
194 , 17721 , 17721 , 0
195 , 17721 , 17721 , 0
196 , 17721 , 17721 , 0
197 , 17721 , 17721 , 0
198 , 17721 , 17721 , 0
199 , 17721 , 17721 , 0
200 , 17721 , 17721 , 0
201 , 17721 , 22799 , -5078
202 , 22821 , 17721 , 5100
203 , 17721 , 17721 , 0
204 , 22821 , 22821 , 0
205 , 22821 , 22821 , 0
206 , 22821 , 22821 , 0
207 , 22821 , 22821 , 0
208 , 22821 , 17721 , 5100
209 , 22821 , 22821 , 0
210 , 22821 , 22821 , 0
211 , 22821 , 17721 , 5100
212 , 17721 , 17721 , 0
213 , 17721 , 22821 , -5100
214 , 22821 , 22821 , 0
215 , 17721 , 17721 , 0
216 , 17721 , 22821 , -5100
217 , 22821 , 22821 , 0
218 , 17721 , 17721 , 0
219 , 22821 , 17721 , 5100
220 , 17721 , 22821 , -5100
221 , 22821 , 22821 , 0
222 , 22821 , 17721 , 5100
223 , 17721 , 17721 , 0
224 , 17721 , 22821 , -5100
225 , 22821 , 17721 , 5100
226 , 17721 , 17721 , 0
227 , 22821 , 22821 , 0
228 , 22821 , 17721 , 5100
229 , 17721 , 22821 , -5100
230 , 22821 , 17721 , 5100
231 , 17721 , 22821 , -5100
232 , 22821 , 22821 , 0
233 , 17721 , 17721 , 0
234 , 22821 , 17722 , 5099
235 , 22822 , 22822 , 0
236 , 22822 , 22822 , 0
237 , 22822 , 17721 , 5101
238 , 17721 , 22822 , -5101
239 , 22822 , 22822 , 0
240 , 17722 , 22822 , -5100
241 , 22822 , 17722 , 5100
242 , 17722 , 22822 , -5100
243 , 22822 , 17722 , 5100
244 , 17722 , 17722 , 0
245 , 17722 , 22821 , -5099
246 , 17721 , 17722 , -1
247 , 17722 , 17722 , 0
248 , 17721 , 17721 , 0
249 , 17722 , 17721 , 1
250 , 17721 , 17721 , 0
251 , 17721 , 17721 , 0
252 , 17721 , 17721 , 0
253 , 17721 , 17721 , 0
254 , 17721 , 17721 , 0
255 , 17721 , 17721 , 0
256 , 17721 , 27153 , -9432
257 , 27153 , 17721 , 9432
258 , 17721 , 17721 , 0
259 , 27153 , 27153 , 0
260 , 27153 , 27153 , 0
261 , 27153 , 27153 , 0
262 , 27153 , 32879 , -5726
263 , 27153 , 27153 , 0
264 , 27153 , 27153 , 0
265 , 27153 , 27153 , 0
266 , 27153 , 27153 , 0
267 , 27153 , 27130 , 23
268 , 27130 , 27153 , -23
269 , 27153 , 27153 , 0
270 , 27153 , 27130 , 23
271 , 27130 , 27130 , 0
272 , 27153 , 27153 , 0
273 , 27153 , 27153 , 0
274 , 27130 , 27130 , 0
275 , 27130 , 27153 , -23
276 , 27153 , 27153 , 0
277 , 32852 , 27130 , 5722
278 , 27153 , 32879 , -5726
279 , 32879 , 32879 , 0
280 , 32879 , 32879 , 0
281 , 32879 , 32879 , 0
282 , 32879 , 32879 , 0
283 , 32879 , 32879 , 0
284 , 32879 , 32879 , 0
285 , 32879 , 32879 , 0
286 , 32879 , 32879 , 0
287 , 32879 , 32879 , 0
288 , 32879 , 32879 , 0
289 , 32879 , 32879 , 0
290 , 32879 , 32879 , 0
291 , 32879 , 32879 , 0
292 , 33159 , 33159 , 0
293 , 33159 , 33159 , 0
294 , 32879 , 32879 , 0
295 , 33159 , 33159 , 0
296 , 33159 , 33159 , 0
297 , 33159 , 33159 , 0
298 , 33159 , 33159 , 0
299 , 33159 , 33159 , 0
300 , 33159 , 33159 , 0
301 , 33161 , 33159 , 2
302 , 33159 , 33133 , 26
303 , 33159 , 33159 , 0
304 , 33159 , 22821 , 10338
305 , 23079 , 33161 , -10082
306 , 33159 , 33159 , 0
307 , 22821 , 33159 , -10338
308 , 33159 , 23077 , 10082
309 , 22821 , 22821 , 0
310 , 22821 , 32879 , -10058
311 , 22799 , 17701 , 5098
312 , 17701 , 23052 , -5351
313 , 22799 , 22799 , 0
314 , 22799 , 22800 , -1
315 , 22800 , 22799 , 1
316 , 22800 , 22799 , 1
317 , 22800 , 22799 , 1
318 , 22799 , 22800 , -1
319 , 22800 , 22800 , 0
320 , 22800 , 22799 , 1
321 , 22799 , 22799 , 0
322 , 22800 , 22800 , 0
323 , 22799 , 22799 , 0
324 , 22799 , 22800 , -1
325 , 22799 , 22800 , -1
326 , 22800 , 22799 , 1
327 , 22799 , 22799 , 0
328 , 22800 , 22800 , 0
329 , 22800 , 22799 , 1
330 , 22799 , 22799 , 0
331 , 22800 , 22799 , 1
332 , 22800 , 22800 , 0
333 , 22800 , 22800 , 0
334 , 22800 , 32853 , -10053
335 , 22800 , 22800 , 0
336 , 22800 , 22800 , 0
337 , 22800 , 22800 , 0
338 , 22800 , 22800 , 0
339 , 22800 , 22800 , 0
340 , 22800 , 22800 , 0
341 , 22800 , 22800 , 0
342 , 22800 , 22800 , 0
343 , 22800 , 22800 , 0
344 , 22800 , 22800 , 0
345 , 22800 , 22800 , 0
346 , 22800 , 32853 , -10053
347 , 32853 , 22800 , 10053
348 , 22800 , 22800 , 0
349 , 22800 , 32853 , -10053
350 , 32853 , 32853 , 0
351 , 32853 , 32853 , 0
352 , 27131 , 27131 , 0
353 , 27131 , 32853 , -5722
354 , 27131 , 27131 , 0
355 , 27131 , 27131 , 0
356 , 27131 , 27131 , 0
357 , 27131 , 27131 , 0
358 , 27131 , 27131 , 0
359 , 27131 , 27131 , 0
360 , 27131 , 27131 , 0
361 , 27131 , 27131 , 0
362 , 27131 , 27131 , 0
363 , 27131 , 27131 , 0
364 , 27131 , 27131 , 0
365 , 27131 , 27131 , 0
366 , 27131 , 27131 , 0
367 , 27131 , 27131 , 0
368 , 27131 , 27154 , -23
369 , 27131 , 27131 , 0
370 , 27131 , 27131 , 0
371 , 27131 , 27131 , 0
372 , 27131 , 27154 , -23
373 , 27154 , 27154 , 0
374 , 27131 , 27131 , 0
375 , 27154 , 27131 , 23
376 , 27131 , 27131 , 0
377 , 27131 , 27154 , -23
378 , 27131 , 27131 , 0
379 , 27131 , 27131 , 0
380 , 27131 , 27131 , 0
381 , 27131 , 27131 , 0
382 , 27131 , 27131 , 0
383 , 27131 , 27131 , 0
384 , 27131 , 27131 , 0
385 , 27131 , 27131 , 0
386 , 27131 , 27154 , -23
387 , 27154 , 27131 , 23
388 , 27131 , 27131 , 0
389 , 27131 , 27131 , 0
390 , 27131 , 27131 , 0
391 , 27131 , 27131 , 0
392 , 27131 , 27131 , 0
393 , 27131 , 27131 , 0
394 , 27154 , 27131 , 23
395 , 27131 , 27131 , 0
396 , 27131 , 27154 , -23
397 , 27154 , 27131 , 23
398 , 27131 , 27131 , 0
399 , 27131 , 27131 , 0
400 , 27585 , 27131 , 454
401 , 27131 , 27608 , -477
402 , 27608 , 27131 , 477
403 , 27131 , 27131 , 0
404 , 27131 , 27131 , 0
405 , 27131 , 27154 , -23
406 , 27131 , 27131 , 0
407 , 27131 , 27131 , 0
408 , 27131 , 27131 , 0
409 , 27131 , 27131 , 0
410 , 27131 , 25859 , 1272
411 , 25859 , 27131 , -1272
412 , 32853 , 32853 , 0
413 , 27131 , 31180 , -4049
414 , 32853 , 31180 , 1673
415 , 26835 , 33414 , -6579
416 , 27131 , 27131 , 0
417 , 26179 , 31180 , -5001
418 , 31617 , 26179 , 5438
419 , 26179 , 31617 , -5438
420 , 31617 , 31617 , 0
421 , 31617 , 31617 , 0
422 , 31617 , 31617 , 0
423 , 31617 , 31617 , 0
424 , 31617 , 31617 , 0
425 , 31617 , 32463 , -846
426 , 31617 , 31617 , 0
427 , 31617 , 31617 , 0
428 , 31618 , 31617 , 1
429 , 31180 , 21733 , 9447
430 , 22458 , 21733 , 725
431 , 21733 , 31617 , -9884
432 , 32463 , 22457 , 10006
433 , 21733 , 22458 , -725
434 , 22458 , 26179 , -3721
435 , 26179 , 31617 , -5438
436 , 31617 , 16888 , 14729
437 , 26179 , 26179 , 0
438 , 26179 , 31618 , -5439
439 , 31618 , 31617 , 1
440 , 31617 , 27382 , 4235
441 , 31617 , 21732 , 9885
442 , 31617 , 31617 , 0
443 , 31617 , 31618 , -1
444 , 31618 , 33134 , -1516
445 , 23053 , 23053 , 0
446 , 23054 , 23054 , 0
447 , 23054 , 23053 , 1
448 , 23053 , 23054 , -1
449 , 23054 , 23054 , 0
450 , 23054 , 23054 , 0
451 , 23054 , 23053 , 1
452 , 23080 , 23059 , 21
453 , 23059 , 23080 , -21
454 , 23080 , 23080 , 0
455 , 23080 , 23059 , 21
456 , 23086 , 23086 , 0
457 , 6850 , 23054 , -16204
458 , 33139 , 33162 , -23
459 , 33162 , 6850 , 26312
460 , 14221 , 23059 , -8838
461 , 23086 , 33134 , -10048
462 , 14221 , 14246 , -25
463 , 6850 , 33162 , -26312
464 , 33162 , 14221 , 18941
465 , 14221 , 6850 , 7371
466 , 14246 , 23080 , -8834
467 , 33162 , 33162 , 0
468 , 14246 , 14252 , -6
469 , 6855 , 14221 , -7366
470 , 14221 , 14246 , -25
471 , 14246 , 6640 , 7606
472 , 6850 , 14246 , -7396
473 , 14246 , 6850 , 7396
474 , 6640 , 14246 , -7606
475 , 14246 , 6850 , 7396
476 , 6640 , 6640 , 0
477 , 6640 , 6645 , -5
478 , 6645 , 6640 , 5
479 , 6640 , 6850 , -210
480 , 6850 , 6645 , 205
481 , 6645 , 6645 , 0
482 , 6645 , 6645 , 0
483 , 6645 , 6640 , 5
484 , 6645 , 6645 , 0
485 , 6645 , 6645 , 0
486 , 6645 , 6645 , 0
487 , 6645 , 6645 , 0
488 , 6645 , 6645 , 0
489 , 6645 , 6855 , -210
490 , 6855 , 6645 , 210
491 , 6645 , 6640 , 5
492 , 6850 , 6645 , 205
493 , 14037 , 14037 , 0
494 , 14246 , 7279 , 6967
495 , 7066 , 6645 , 421
496 , 14016 , 14463 , -447
497 , 14463 , 14252 , 211
498 , 14016 , 14445 , -429
499 , 14445 , 14445 , 0
500 , 14445 , 14037 , 408
501 , 14016 , 14445 , -429
502 , 14445 , 10440 , 4005
503 , 10629 , 14226 , -3597
504 , 14226 , 10069 , 4157
505 , 10445 , 10629 , -184
506 , 3137 , 10625 , -7488
507 , 10440 , 2351 , 8089
508 , 3130 , 10649 , -7519
509 , 10643 , 9842 , 801
510 , 9842 , 10625 , -783
511 , 10643 , 10643 , 0
512 , 10643 , 9842 , 801
513 , 10643 , 10643 , 0
514 , 10643 , 10643 , 0
515 , 14652 , 10643 , 4009
516 , 10643 , 10643 , 0
517 , 9842 , 3130 , 6712
518 , 3130 , 2351 , 779
519 , 9842 , 2351 , 7491
520 , 9842 , 9842 , 0
521 , 9842 , 2351 , 7491
522 , 2330 , 6339 , -4009
523 , 6339 , 2330 , 4009
524 , 2330 , 6339 , -4009
525 , 6339 , 6339 , 0
526 , 2330 , 9842 , -7512
527 , 9842 , 2351 , 7491
528 , 2351 , 9814 , -7463
529 , 9842 , 9842 , 0
530 , 2351 , 2351 , 0
531 , 9842 , 9842 , 0
532 , 9842 , 9842 , 0
533 , 9842 , 9842 , 0
534 , 10643 , 3111 , 7532
535 , 2351 , 9842 , -7491
536 , 9842 , 14652 , -4810
537 , 7274 , 3130 , 4144
538 , 9842 , 9842 , 0
539 , 10643 , 2351 , 8292
540 , 2351 , 10625 , -8274
541 , 10459 , 14652 , -4193
542 , 14458 , 6074 , 8384
543 , 10440 , 2125 , 8315
544 , 3130 , 10643 , -7513
545 , 10625 , 6048 , 4577
546 , 2105 , 9814 , -7709
547 , 9842 , 2351 , 7491
548 , 2351 , 2330 , 21
549 , 2330 , 9842 , -7512
550 , 2351 , 2351 , 0
551 , 2351 , 2351 , 0
552 , 2351 , 2351 , 0
553 , 2351 , 2351 , 0
554 , 2351 , 9609 , -7258
555 , 2125 , 2351 , -226
556 , 2351 , 2351 , 0
557 , 2125 , 2351 , -226
558 , 2351 , 2125 , 226
559 , 2939 , 2125 , 814
560 , 2125 , 2125 , 0
561 , 3130 , 2125 , 1005
562 , 2939 , 2939 , 0
563 , 2939 , 2125 , 814
564 , 2125 , 2939 , -814
565 , 2939 , 2939 , 0
566 , 6074 , 2939 , 3135
567 , 14458 , 7061 , 7397
568 , 7061 , 6074 , 987
569 , 14458 , 14458 , 0
570 , 14458 , 7061 , 7397
571 , 7061 , 14458 , -7397
572 , 14458 , 14458 , 0
573 , 13486 , 13486 , 0
574 , 14458 , 14458 , 0
575 , 14458 , 14458 , 0
576 , 14458 , 13486 , 972
577 , 14458 , 10459 , 3999
578 , 14458 , 2939 , 11519
579 , 2125 , 6074 , -3949
580 , 2939 , 10459 , -7520
581 , 2939 , 2939 , 0
582 , 2125 , 2939 , -814
583 , 2125 , 2125 , 0
584 , 2125 , 2125 , 0
585 , 9609 , 2125 , 7484
586 , 2125 , 2125 , 0
587 , 9609 , 2125 , 7484
588 , 2125 , 2125 , 0
589 , 2125 , 2125 , 0
590 , 2125 , 2127 , -2
591 , 2127 , 2127 , 0
592 , 2127 , 2127 , 0
593 , 2127 , 6077 , -3950
594 , 6077 , 2127 , 3950
595 , 2127 , 2127 , 0
596 , 2127 , 2127 , 0
597 , 2127 , 2127 , 0
598 , 2127 , 2127 , 0
599 , 2127 , 2127 , 0
600 , 2127 , 6078 , -3951
601 , 6078 , 2127 , 3951
602 , 6078 , 2127 , 3951
603 , 6078 , 2127 , 3951
604 , 6077 , 6078 , -1
605 , 6078 , 6077 , 1
606 , 6077 , 6077 , 0
607 , 13489 , 9611 , 3878
608 , 13489 , 6077 , 7412
609 , 13489 , 13489 , 0
610 , 9611 , 9611 , 0
611 , 9608 , 9611 , -3
612 , 9611 , 9611 , 0
613 , 9608 , 9611 , -3
614 , 9611 , 13489 , -3878
615 , 13489 , 9608 , 3881
616 , 9611 , 9611 , 0
617 , 13489 , 13489 , 0
618 , 6077 , 6077 , 0
619 , 6077 , 13489 , -7412
620 , 6077 , 6077 , 0
621 , 6077 , 6077 , 0
622 , 6077 , 6077 , 0
623 , 6077 , 6077 , 0
624 , 6077 , 6077 , 0
625 , 6077 , 6077 , 0
626 , 6077 , 6077 , 0
627 , 6077 , 6077 , 0
628 , 6073 , 6073 , 0
629 , 6073 , 6073 , 0
630 , 6073 , 13485 , -7412
631 , 6365 , 6073 , 292
632 , 6073 , 6073 , 0
633 , 6073 , 6365 , -292
634 , 6365 , 13761 , -7396
635 , 6073 , 13485 , -7412
636 , 5484 , 6073 , -589
637 , 5484 , 5484 , 0
638 , 5484 , 13196 , -7712
639 , 13196 , 12893 , 303
640 , 12893 , 5484 , 7409
641 , 5785 , 5785 , 0
642 , 13196 , 13192 , 4
643 , 13192 , 13196 , -4
644 , 13196 , 13192 , 4
645 , 13192 , 12893 , 299
646 , 12897 , 13192 , -295
647 , 13192 , 13196 , -4
648 , 12897 , 12893 , 4
649 , 12893 , 12893 , 0
650 , 12893 , 12897 , -4
651 , 12897 , 5781 , 7116
652 , 5484 , 5484 , 0
653 , 5484 , 12893 , -7409
654 , 5484 , 5484 , 0
655 , 5484 , 5484 , 0
656 , 5484 , 5484 , 0
657 , 5484 , 5484 , 0
658 , 5484 , 5781 , -297
659 , 5484 , 5781 , -297
660 , 5781 , 5484 , 297
661 , 5781 , 5484 , 297
662 , 5781 , 5781 , 0
663 , 5781 , 5781 , 0
664 , 5785 , 5781 , 4
665 , 5781 , 5785 , -4
666 , 5785 , 5785 , 0
667 , 5781 , 5781 , 0
668 , 5781 , 5781 , 0
669 , 5781 , 5785 , -4
670 , 5781 , 5785 , -4
671 , 5781 , 5781 , 0
672 , 5781 , 5781 , 0
673 , 5785 , 5785 , 0
674 , 5781 , 5781 , 0
675 , 5781 , 5781 , 0
676 , 5781 , 5781 , 0
677 , 5785 , 5785 , 0
678 , 5785 , 5781 , 4
679 , 5781 , 5781 , 0
680 , 5781 , 5785 , -4
681 , 21767 , 5781 , 15986
682 , 21763 , 21763 , 0
683 , 21767 , 21763 , 4
684 , 21767 , 21763 , 4
685 , 21767 , 21767 , 0
686 , 21767 , 21767 , 0
687 , 21767 , 21767 , 0
688 , 21767 , 21767 , 0
689 , 21767 , 5785 , 15982
690 , 21767 , 21767 , 0
691 , 21767 , 21767 , 0
692 , 21410 , 21767 , -357
693 , 21767 , 21767 , 0
694 , 21410 , 5488 , 15922
695 , 5488 , 5488 , 0
696 , 21410 , 21767 , -357
697 , 21410 , 21767 , -357
698 , 21410 , 21410 , 0
699 , 21410 , 21410 , 0
700 , 21410 , 21410 , 0
701 , 21410 , 21410 , 0
702 , 21410 , 21410 , 0
703 , 21410 , 21410 , 0
704 , 21410 , 21410 , 0
705 , 21410 , 21410 , 0
706 , 21410 , 21410 , 0
707 , 21410 , 21410 , 0
708 , 21410 , 21410 , 0
709 , 21410 , 21410 , 0
710 , 31229 , 21410 , 9819
711 , 21410 , 21410 , 0
712 , 21410 , 21410 , 0
713 , 21410 , 21410 , 0
714 , 21410 , 31229 , -9819
715 , 21410 , 21410 , 0
716 , 21410 , 21410 , 0
717 , 31229 , 31229 , 0
718 , 21410 , 31229 , -9819
719 , 25891 , 16666 , 9225
720 , 25891 , 16666 , 9225
721 , 16666 , 25891 , -9225
722 , 25891 , 25891 , 0
723 , 25891 , 16666 , 9225
724 , 16666 , 16666 , 0
725 , 25891 , 16666 , 9225
726 , 16666 , 25891 , -9225
727 , 25861 , 16666 , 9195
728 , 16666 , 16666 , 0
729 , 16666 , 16666 , 0
730 , 16666 , 16666 , 0
731 , 16666 , 16637 , 29
732 , 16666 , 16666 , 0
733 , 1702 , 1702 , 0
734 , 1702 , 16666 , -14964
735 , 16666 , 16666 , 0
736 , 16666 , 16666 , 0
737 , 16666 , 1702 , 14964
738 , 16666 , 16916 , -250
739 , 16666 , 16666 , 0
740 , 16666 , 16666 , 0
741 , 16666 , 16916 , -250
742 , 26218 , 16666 , 9552
743 , 16666 , 16666 , 0
744 , 16916 , 16916 , 0
745 , 16916 , 25891 , -8975
746 , 16666 , 1913 , 14753
747 , 16916 , 16917 , -1
748 , 16916 , 16916 , 0
749 , 16916 , 16916 , 0
750 , 16916 , 16916 , 0
751 , 16916 , 16916 , 0
752 , 16890 , 16916 , -26
753 , 16890 , 16916 , -26
754 , 16916 , 16890 , 26
755 , 16890 , 16890 , 0
756 , 16890 , 16890 , 0
757 , 16890 , 16917 , -27
758 , 16890 , 16890 , 0
759 , 16890 , 16890 , 0
760 , 16890 , 16890 , 0
761 , 16890 , 16890 , 0
762 , 16890 , 16890 , 0
763 , 16890 , 16890 , 0
764 , 16890 , 16890 , 0
765 , 16890 , 16890 , 0
766 , 16890 , 1892 , 14998
767 , 16890 , 16890 , 0
768 , 16890 , 16890 , 0
769 , 16890 , 16890 , 0
770 , 1892 , 16890 , -14998
771 , 16890 , 16890 , 0
772 , 16890 , 16890 , 0
773 , 16890 , 16890 , 0
774 , 16890 , 16890 , 0
775 , 16890 , 16890 , 0
776 , 16890 , 16890 , 0
777 , 17438 , 17438 , 0
778 , 17438 , 16890 , 548
779 , 17438 , 16890 , 548
780 , 17438 , 17438 , 0
781 , 17438 , 17438 , 0
782 , 17438 , 16890 , 548
783 , 17438 , 17438 , 0
784 , 17438 , 17438 , 0
785 , 17438 , 17438 , 0
786 , 17438 , 17438 , 0
787 , 17438 , 17438 , 0
788 , 17438 , 17438 , 0
789 , 17438 , 17438 , 0
790 , 17438 , 17438 , 0
791 , 17438 , 17438 , 0
792 , 17438 , 17438 , 0
793 , 17438 , 17438 , 0
794 , 17438 , 17438 , 0
795 , 17438 , 17438 , 0
796 , 17438 , 17438 , 0
797 , 17438 , 16890 , 548
798 , 16890 , 16890 , 0
799 , 16890 , 17438 , -548
800 , 16890 , 17438 , -548
801 , 16890 , 16890 , 0
802 , 16890 , 16890 , 0
803 , 16890 , 16890 , 0
804 , 16890 , 16890 , 0
805 , 16890 , 16890 , 0
806 , 16890 , 16890 , 0
807 , 16890 , 16890 , 0
808 , 16890 , 17438 , -548
809 , 17438 , 17438 , 0
810 , 17438 , 16890 , 548
811 , 16890 , 17438 , -548
812 , 17438 , 17438 , 0
813 , 17438 , 17438 , 0
814 , 17438 , 17438 , 0
815 , 17438 , 17438 , 0
816 , 17438 , 17438 , 0
817 , 17438 , 17438 , 0
818 , 17438 , 17438 , 0
819 , 17438 , 17438 , 0
820 , 17438 , 17438 , 0
821 , 17438 , 17438 , 0
822 , 17438 , 17438 , 0
823 , 17438 , 17438 , 0
824 , 17438 , 17438 , 0
825 , 17438 , 17438 , 0
826 , 17438 , 17438 , 0
827 , 17438 , 17438 , 0
828 , 17438 , 17438 , 0
829 , 2332 , 17438 , -15106
830 , 17438 , 17438 , 0
831 , 17438 , 17438 , 0
832 , 17438 , 17438 , 0
833 , 17438 , 17438 , 0
834 , 2332 , 17438 , -15106
835 , 17438 , 2332 , 15106
836 , 2332 , 2332 , 0
837 , 2332 , 2332 , 0
838 , 2332 , 2332 , 0
839 , 2332 , 2332 , 0
840 , 2332 , 2332 , 0
841 , 2332 , 2332 , 0
842 , 2332 , 2332 , 0
843 , 2332 , 2332 , 0
844 , 2332 , 9816 , -7484
845 , 2332 , 2332 , 0
846 , 2332 , 2332 , 0
847 , 2332 , 2332 , 0
848 , 2332 , 2332 , 0
849 , 2332 , 2332 , 0
850 , 2332 , 2332 , 0
851 , 2332 , 2332 , 0
852 , 2332 , 2332 , 0
853 , 2332 , 2332 , 0
854 , 2332 , 2332 , 0
855 , 2332 , 2332 , 0
856 , 2332 , 2332 , 0
857 , 2332 , 2332 , 0
858 , 2332 , 2332 , 0
859 , 2332 , 2332 , 0
860 , 2332 , 2332 , 0
861 , 2332 , 2332 , 0
862 , 2332 , 2332 , 0
863 , 2332 , 2332 , 0
864 , 17438 , 2332 , 15106
865 , 2332 , 2332 , 0
866 , 17438 , 17438 , 0
867 , 2332 , 17438 , -15106
868 , 17438 , 17438 , 0
869 , 17438 , 17438 , 0
870 , 17438 , 17438 , 0
871 , 17438 , 2332 , 15106
872 , 17438 , 2332 , 15106
873 , 17438 , 17438 , 0
874 , 17438 , 17438 , 0
875 , 2332 , 17438 , -15106
876 , 17438 , 17438 , 0
877 , 17438 , 2332 , 15106
878 , 2332 , 17438 , -15106
879 , 17438 , 17438 , 0
880 , 17438 , 2332 , 15106
881 , 2332 , 2332 , 0
882 , 2332 , 2332 , 0
883 , 2332 , 17438 , -15106
884 , 2332 , 17438 , -15106
885 , 2332 , 2332 , 0
886 , 2332 , 17438 , -15106
887 , 17438 , 17438 , 0
888 , 17438 , 2332 , 15106
889 , 2332 , 2332 , 0
890 , 17438 , 17438 , 0
891 , 17438 , 2332 , 15106
892 , 2332 , 2332 , 0
893 , 17438 , 17438 , 0
894 , 2332 , 2332 , 0
895 , 2332 , 2332 , 0
896 , 2332 , 2332 , 0
897 , 2332 , 2332 , 0
898 , 2332 , 2332 , 0
899 , 2332 , 2332 , 0
900 , 2332 , 2332 , 0
901 , 2332 , 2332 , 0
902 , 2332 , 2332 , 0
903 , 2332 , 2332 , 0
904 , 2332 , 2332 , 0
905 , 2332 , 2332 , 0
906 , 2332 , 2332 , 0
907 , 2332 , 2332 , 0
908 , 2332 , 2332 , 0
909 , 2332 , 2332 , 0
910 , 2332 , 2332 , 0
911 , 2332 , 2332 , 0
912 , 2332 , 2332 , 0
913 , 2332 , 2332 , 0
914 , 2332 , 2332 , 0
915 , 2332 , 2332 , 0
916 , 2332 , 2332 , 0
917 , 2332 , 2332 , 0
918 , 2332 , 2332 , 0
919 , 2332 , 2332 , 0
920 , 2332 , 2332 , 0
921 , 2332 , 2332 , 0
922 , 2332 , 2332 , 0
923 , 2332 , 2332 , 0
924 , 2332 , 2332 , 0
925 , 2332 , 2332 , 0
926 , 2332 , 2332 , 0
927 , 2332 , 2332 , 0
928 , 2332 , 2332 , 0
929 , 2332 , 2332 , 0
930 , 2332 , 2332 , 0
931 , 2332 , 2332 , 0
932 , 2332 , 2332 , 0
933 , 2332 , 2332 , 0
934 , 2332 , 2332 , 0
935 , 2332 , 2332 , 0
936 , 2332 , 2332 , 0
937 , 2332 , 2332 , 0
938 , 2332 , 2332 , 0
939 , 2332 , 2332 , 0
940 , 2332 , 2332 , 0
941 , 2332 , 2332 , 0
942 , 2332 , 2332 , 0
943 , 2332 , 2332 , 0
944 , 2332 , 2332 , 0
945 , 2332 , 17438 , -15106
946 , 17438 , 17438 , 0
947 , 2332 , 2332 , 0
948 , 2332 , 2332 , 0
949 , 2332 , 17438 , -15106
950 , 2332 , 2332 , 0
951 , 2332 , 2332 , 0
952 , 2332 , 2332 , 0
953 , 2332 , 2332 , 0
954 , 2332 , 2332 , 0
955 , 2332 , 17438 , -15106
956 , 2332 , 2332 , 0
957 , 2332 , 2332 , 0
958 , 17438 , 17435 , 3
959 , 17435 , 17435 , 0
960 , 17435 , 17435 , 0
961 , 17435 , 17435 , 0
962 , 17435 , 2329 , 15106
963 , 2329 , 17435 , -15106
964 , 17435 , 2329 , 15106
965 , 2329 , 2329 , 0
966 , 2329 , 2329 , 0
967 , 2329 , 2329 , 0
968 , 2329 , 2329 , 0
969 , 2329 , 2329 , 0
970 , 2329 , 2332 , -3
971 , 2329 , 2329 , 0
972 , 2329 , 2329 , 0
973 , 2329 , 2329 , 0
974 , 2329 , 2329 , 0
975 , 2329 , 2329 , 0
976 , 2329 , 2329 , 0
977 , 2329 , 2332 , -3
978 , 2329 , 2329 , 0
979 , 2329 , 2329 , 0
980 , 2329 , 2329 , 0
981 , 2329 , 2329 , 0
982 , 2329 , 2329 , 0
983 , 2329 , 2329 , 0
984 , 17435 , 2329 , 15106
985 , 2332 , 2332 , 0
986 , 2329 , 17435 , -15106
987 , 17435 , 17435 , 0
988 , 17435 , 17435 , 0
989 , 17435 , 2329 , 15106
990 , 17435 , 17435 , 0
991 , 17435 , 17435 , 0
992 , 17435 , 17435 , 0
993 , 17435 , 17435 , 0
994 , 17435 , 17435 , 0
995 , 17435 , 17438 , -3
996 , 17435 , 17435 , 0
997 , 17435 , 17435 , 0
998 , 17435 , 17435 , 0
999 , 17435 , 17438 , -3
1000 , 17435 , 17435 , 0
1001 , 17435 , 17435 , 0
1002 , 17435 , 17435 , 0
1003 , 17435 , 17435 , 0
1004 , 17435 , 17435 , 0
1005 , 17435 , 17435 , 0
1006 , 17435 , 17435 , 0
1007 , 17435 , 17435 , 0
1008 , 17435 , 17435 , 0
1009 , 17435 , 17435 , 0
1010 , 17435 , 2329 , 15106
1011 , 17435 , 17435 , 0
1012 , 17435 , 17435 , 0
1013 , 17435 , 2329 , 15106
1014 , 2329 , 2329 , 0
1015 , 17435 , 17435 , 0
1016 , 17435 , 2329 , 15106
1017 , 2329 , 2329 , 0
1018 , 17435 , 2329 , 15106
1019 , 2329 , 2329 , 0
1020 , 2329 , 2329 , 0
1021 , 2329 , 2329 , 0
1022 , 17435 , 2329 , 15106
1023 , 17435 , 17435 , 0
1024 , 17435 , 2329 , 15106
1025 , 2329 , 2329 , 0
1026 , 17435 , 17435 , 0
1027 , 17435 , 17435 , 0
1028 , 2329 , 2329 , 0
1029 , 2329 , 2329 , 0
1030 , 2329 , 2329 , 0
1031 , 2329 , 2329 , 0
1032 , 2329 , 2329 , 0
1033 , 2329 , 2329 , 0
1034 , 2329 , 2329 , 0
1035 , 2329 , 2329 , 0
1036 , 2329 , 2329 , 0
1037 , 2329 , 2329 , 0
1038 , 2329 , 2329 , 0
1039 , 2329 , 2329 , 0
1040 , 2329 , 2329 , 0
1041 , 2329 , 2329 , 0
1042 , 2329 , 2329 , 0
1043 , 2329 , 2329 , 0
1044 , 2332 , 2329 , 3
1045 , 2329 , 2329 , 0
1046 , 2329 , 2329 , 0
1047 , 2329 , 2329 , 0
1048 , 2329 , 2329 , 0
1049 , 2329 , 2329 , 0
1050 , 2329 , 2329 , 0
1051 , 2329 , 2329 , 0
1052 , 2329 , 2329 , 0
1053 , 2329 , 2329 , 0
1054 , 2329 , 2329 , 0
1055 , 2329 , 2329 , 0
1056 , 2350 , 2329 , 21
1057 , 2350 , 2329 , 21
1058 , 2350 , 2350 , 0
1059 , 2350 , 2350 , 0
1060 , 2350 , 2350 , 0
1061 , 2329 , 2350 , -21
1062 , 2350 , 2329 , 21
1063 , 2329 , 2329 , 0
1064 , 2350 , 2350 , 0
1065 , 2350 , 2350 , 0
1066 , 2350 , 2350 , 0
1067 , 2350 , 2350 , 0
1068 , 2350 , 2350 , 0
1069 , 2350 , 2350 , 0
1070 , 2350 , 2329 , 21
1071 , 2329 , 2350 , -21
1072 , 2350 , 2350 , 0
1073 , 2329 , 2329 , 0
1074 , 2329 , 2350 , -21
1075 , 2329 , 2329 , 0
1076 , 2329 , 2329 , 0
1077 , 2329 , 2350 , -21
1078 , 2350 , 2329 , 21
1079 , 2329 , 2329 , 0
1080 , 2329 , 2350 , -21
1081 , 2350 , 2350 , 0
1082 , 2350 , 2329 , 21
1083 , 2329 , 2329 , 0
1084 , 2350 , 2329 , 21
1085 , 2329 , 2329 , 0
1086 , 2329 , 2350 , -21
1087 , 2350 , 2350 , 0
1088 , 2329 , 2329 , 0
1089 , 2329 , 2350 , -21
1090 , 2350 , 2350 , 0
1091 , 2350 , 2350 , 0
1092 , 2350 , 2350 , 0
1093 , 2350 , 2350 , 0
1094 , 2350 , 2350 , 0
1095 , 2350 , 2350 , 0
1096 , 2350 , 2350 , 0
1097 , 2350 , 2350 , 0
1098 , 2350 , 2350 , 0
1099 , 2350 , 2350 , 0
1100 , 2350 , 2350 , 0
1101 , 2350 , 2350 , 0
1102 , 2350 , 2350 , 0
1103 , 2350 , 2350 , 0
1104 , 2350 , 2350 , 0
1105 , 2350 , 2329 , 21
1106 , 2329 , 2350 , -21
1107 , 2350 , 2350 , 0
1108 , 2350 , 2350 , 0
1109 , 2350 , 2350 , 0
1110 , 2350 , 2350 , 0
1111 , 2350 , 2350 , 0
1112 , 2350 , 2350 , 0
1113 , 2350 , 2350 , 0
1114 , 2350 , 2350 , 0
1115 , 2350 , 2350 , 0
1116 , 2350 , 2350 , 0
1117 , 2350 , 2350 , 0
1118 , 2350 , 2350 , 0
1119 , 2350 , 2353 , -3
1120 , 2353 , 2350 , 3
1121 , 2350 , 2350 , 0
1122 , 2350 , 2350 , 0
1123 , 2350 , 2350 , 0
1124 , 2350 , 2350 , 0
1125 , 2350 , 2350 , 0
1126 , 2350 , 2350 , 0
1127 , 2350 , 2350 , 0
1128 , 2350 , 2350 , 0
1129 , 2350 , 2350 , 0
1130 , 2350 , 2350 , 0
1131 , 2350 , 2353 , -3
1132 , 2353 , 2350 , 3
1133 , 2350 , 2350 , 0
1134 , 2350 , 2353 , -3
1135 , 2353 , 2350 , 3
1136 , 2350 , 2353 , -3
1137 , 2353 , 2353 , 0
1138 , 2350 , 2350 , 0
1139 , 2350 , 2350 , 0
1140 , 2350 , 2350 , 0
1141 , 2350 , 2353 , -3
1142 , 2350 , 2350 , 0
1143 , 2350 , 2350 , 0
1144 , 2350 , 2350 , 0
1145 , 2350 , 2350 , 0
1146 , 2350 , 2329 , 21
1147 , 2350 , 2350 , 0
1148 , 2350 , 2350 , 0
1149 , 2350 , 2350 , 0
1150 , 2350 , 2350 , 0
1151 , 2350 , 2350 , 0
1152 , 2350 , 2350 , 0
1153 , 2350 , 2350 , 0
1154 , 2350 , 9841 , -7491
1155 , 2350 , 2350 , 0
1156 , 2350 , 2350 , 0
1157 , 2350 , 9841 , -7491
1158 , 2350 , 2350 , 0
1159 , 2350 , 2350 , 0
1160 , 2353 , 9841 , -7488
1161 , 2350 , 2350 , 0
1162 , 2350 , 2353 , -3
1163 , 2353 , 2350 , 3
1164 , 2348 , 2350 , -2
1165 , 2352 , 9841 , -7489
1166 , 2350 , 2348 , 2
1167 , 2352 , 2348 , 4
1168 , 2350 , 2348 , 2
1169 , 2353 , 2350 , 3
1170 , 2348 , 9841 , -7493
1171 , 9841 , 9841 , 0
1172 , 9839 , 2350 , 7489
1173 , 2350 , 9839 , -7489
1174 , 9839 , 9839 , 0
1175 , 9839 , 9841 , -2
1176 , 9841 , 9841 , 0
1177 , 9839 , 9839 , 0
1178 , 9839 , 9839 , 0
1179 , 9839 , 9839 , 0
1180 , 9841 , 9839 , 2
1181 , 9839 , 9839 , 0
1182 , 9841 , 9839 , 2
1183 , 9839 , 9841 , -2
1184 , 9841 , 9841 , 0
1185 , 9841 , 9841 , 0
1186 , 9841 , 9841 , 0
1187 , 9841 , 9841 , 0
1188 , 9841 , 9841 , 0
1189 , 9841 , 9841 , 0
1190 , 9841 , 9841 , 0
1191 , 9841 , 9841 , 0
1192 , 9841 , 2350 , 7491
1193 , 2350 , 9841 , -7491
1194 , 9841 , 9841 , 0
1195 , 2350 , 9841 , -7491
1196 , 9841 , 9839 , 2
1197 , 2348 , 2348 , 0
1198 , 9841 , 2350 , 7491
1199 , 2350 , 2350 , 0
1200 , 2348 , 2348 , 0
1201 , 2348 , 2350 , -2
1202 , 2350 , 2348 , 2
1203 , 2348 , 2348 , 0
1204 , 2350 , 9841 , -7491
1205 , 9841 , 2350 , 7491
1206 , 2350 , 2350 , 0
1207 , 9841 , 2348 , 7493
1208 , 2350 , 9841 , -7491
1209 , 2350 , 2350 , 0
1210 , 2350 , 2350 , 0
1211 , 2350 , 2350 , 0
1212 , 2350 , 2350 , 0
1213 , 2348 , 2350 , -2
1214 , 2350 , 2348 , 2
1215 , 2348 , 2348 , 0
1216 , 2348 , 2348 , 0
1217 , 2348 , 2348 , 0
1218 , 2348 , 2348 , 0
1219 , 2350 , 2348 , 2
1220 , 2348 , 2348 , 0
1221 , 2348 , 2348 , 0
1222 , 2348 , 2348 , 0
1223 , 2348 , 2348 , 0
1224 , 2348 , 2348 , 0
1225 , 2348 , 2348 , 0
1226 , 2348 , 2348 , 0
1227 , 2348 , 2348 , 0
1228 , 2348 , 2348 , 0
1229 , 2348 , 2348 , 0
1230 , 2348 , 2348 , 0
1231 , 2348 , 2348 , 0
1232 , 2348 , 2348 , 0
1233 , 2348 , 2348 , 0
1234 , 2348 , 2348 , 0
1235 , 2348 , 2348 , 0
1236 , 2348 , 2348 , 0
1237 , 2348 , 9839 , -7491
1238 , 9839 , 2348 , 7491
1239 , 2348 , 2348 , 0
1240 , 2348 , 2348 , 0
1241 , 2348 , 2348 , 0
1242 , 2348 , 2348 , 0
1243 , 2348 , 2348 , 0
1244 , 2348 , 2348 , 0
1245 , 2348 , 2348 , 0
1246 , 2348 , 2348 , 0
1247 , 2348 , 2348 , 0
1248 , 2348 , 2348 , 0
1249 , 2348 , 2348 , 0
1250 , 2348 , 2348 , 0
1251 , 2348 , 2348 , 0
1252 , 2348 , 2348 , 0
1253 , 2348 , 2348 , 0
1254 , 2350 , 2350 , 0
1255 , 2348 , 2348 , 0
1256 , 2348 , 2348 , 0
1257 , 2348 , 2348 , 0
1258 , 2348 , 2348 , 0
1259 , 2348 , 2348 , 0
1260 , 2348 , 2348 , 0
1261 , 2348 , 2348 , 0
1262 , 2348 , 2348 , 0
1263 , 2348 , 2348 , 0
1264 , 2348 , 2348 , 0
1265 , 2348 , 2348 , 0
1266 , 2348 , 2348 , 0
1267 , 2348 , 2348 , 0
1268 , 2348 , 2348 , 0
1269 , 2348 , 2348 , 0
1270 , 2348 , 2348 , 0
1271 , 2348 , 2348 , 0
1272 , 2348 , 2348 , 0
1273 , 2350 , 2348 , 2
1274 , 2348 , 2348 , 0
1275 , 2350 , 2350 , 0
1276 , 2350 , 2348 , 2
1277 , 2348 , 2350 , -2
1278 , 2350 , 2348 , 2
1279 , 2348 , 2350 , -2
1280 , 2350 , 2348 , 2
1281 , 2348 , 2348 , 0
1282 , 2350 , 2350 , 0
1283 , 2350 , 2350 , 0
1284 , 2350 , 2350 , 0
1285 , 2350 , 2350 , 0
1286 , 2350 , 2348 , 2
1287 , 2350 , 2350 , 0
1288 , 2350 , 2350 , 0
1289 , 2350 , 2350 , 0
1290 , 2350 , 2350 , 0
1291 , 2350 , 2348 , 2
1292 , 2348 , 2350 , -2
1293 , 2348 , 2348 , 0
1294 , 2348 , 2348 , 0
1295 , 2348 , 2350 , -2
1296 , 2350 , 2348 , 2
1297 , 2348 , 2348 , 0
1298 , 2348 , 2350 , -2
1299 , 2348 , 2348 , 0
1300 , 2348 , 2348 , 0
1301 , 2350 , 2350 , 0
1302 , 2350 , 2348 , 2
1303 , 2348 , 2348 , 0
1304 , 2350 , 2350 , 0
1305 , 2350 , 2350 , 0
1306 , 2350 , 2350 , 0
1307 , 2350 , 2350 , 0
1308 , 2350 , 2350 , 0
1309 , 2350 , 2350 , 0
1310 , 2350 , 2350 , 0
1311 , 2350 , 2350 , 0
1312 , 2350 , 2350 , 0
1313 , 2350 , 2350 , 0
1314 , 2350 , 2350 , 0
1315 , 2350 , 2348 , 2
1316 , 2348 , 2350 , -2
1317 , 2350 , 2350 , 0
1318 , 2348 , 2350 , -2
1319 , 2350 , 2350 , 0
1320 , 2348 , 2350 , -2
1321 , 2350 , 2350 , 0
1322 , 2350 , 2348 , 2
1323 , 2348 , 2350 , -2
1324 , 2350 , 2348 , 2
1325 , 2348 , 2348 , 0
1326 , 2350 , 2350 , 0
1327 , 2350 , 2350 , 0
1328 , 2350 , 2348 , 2
1329 , 2350 , 2350 , 0
1330 , 2350 , 2350 , 0
1331 , 2348 , 2348 , 0
1332 , 2350 , 2350 , 0
1333 , 2350 , 2350 , 0
1334 , 2350 , 2350 , 0
1335 , 2348 , 2348 , 0
1336 , 2348 , 2348 , 0
1337 , 2348 , 2348 , 0
1338 , 2348 , 2348 , 0
1339 , 2348 , 2348 , 0
1340 , 2348 , 2348 , 0
1341 , 2348 , 2348 , 0
1342 , 2348 , 2348 , 0
1343 , 2348 , 2348 , 0
1344 , 2348 , 2348 , 0
1345 , 2348 , 2348 , 0
1346 , 2348 , 2348 , 0
1347 , 2348 , 2348 , 0
1348 , 2348 , 2348 , 0
1349 , 2348 , 2348 , 0
1350 , 2348 , 2348 , 0
1351 , 2348 , 2348 , 0
1352 , 2348 , 2348 , 0
1353 , 2350 , 2350 , 0
1354 , 2350 , 2348 , 2
1355 , 2348 , 2350 , -2
1356 , 2350 , 2350 , 0
1357 , 2348 , 2348 , 0
1358 , 2348 , 2350 , -2
1359 , 2348 , 2348 , 0
1360 , 2348 , 2348 , 0
1361 , 2348 , 2348 , 0
1362 , 2348 , 2348 , 0
1363 , 2348 , 2348 , 0
1364 , 2348 , 2348 , 0
1365 , 2348 , 2348 , 0
1366 , 2348 , 2348 , 0
1367 , 2348 , 2348 , 0
1368 , 2328 , 2328 , 0
1369 , 2348 , 2328 , 20
1370 , 2328 , 2348 , -20
1371 , 2348 , 2348 , 0
1372 , 2328 , 2328 , 0
1373 , 2328 , 2328 , 0
1374 , 2328 , 2328 , 0
1375 , 2328 , 2328 , 0
1376 , 2328 , 2328 , 0
1377 , 2328 , 2328 , 0
1378 , 2328 , 2328 , 0
1379 , 2328 , 2328 , 0
1380 , 2328 , 2328 , 0
1381 , 2328 , 2328 , 0
1382 , 2328 , 2328 , 0
1383 , 2328 , 2328 , 0
1384 , 2328 , 2331 , -3
1385 , 2328 , 2328 , 0
1386 , 2328 , 2328 , 0
1387 , 2328 , 2328 , 0
1388 , 2328 , 2328 , 0
1389 , 2328 , 2331 , -3
1390 , 2328 , 2328 , 0
1391 , 2328 , 2328 , 0
1392 , 2328 , 2328 , 0
1393 , 2328 , 2328 , 0
1394 , 2328 , 2331 , -3
1395 , 2331 , 2328 , 3
1396 , 2328 , 2331 , -3
1397 , 2331 , 2331 , 0
1398 , 2328 , 2328 , 0
1399 , 2331 , 2331 , 0
1400 , 2331 , 2331 , 0
1401 , 2331 , 2331 , 0
1402 , 2331 , 2331 , 0
1403 , 2331 , 2331 , 0
1404 , 2331 , 2331 , 0
1405 , 2331 , 2331 , 0
1406 , 2328 , 2331 , -3
1407 , 2328 , 2328 , 0
1408 , 2328 , 2328 , 0
1409 , 2328 , 2329 , -1
1410 , 2329 , 2329 , 0
1411 , 2329 , 2329 , 0
1412 , 2329 , 2329 , 0
1413 , 2329 , 2329 , 0
1414 , 2332 , 2329 , 3
1415 , 2329 , 2332 , -3
1416 , 2332 , 2332 , 0
1417 , 2329 , 2329 , 0
1418 , 2329 , 2332 , -3
1419 , 2332 , 2332 , 0
1420 , 2329 , 2329 , 0
1421 , 2329 , 2329 , 0
1422 , 2329 , 2329 , 0
1423 , 2329 , 2329 , 0
1424 , 2332 , 2329 , 3
1425 , 2329 , 2329 , 0
1426 , 2329 , 2329 , 0
1427 , 2329 , 2329 , 0
1428 , 2329 , 2329 , 0
1429 , 2329 , 2329 , 0
1430 , 9814 , 2329 , 7485
1431 , 2329 , 2329 , 0
1432 , 2329 , 9814 , -7485
1433 , 9814 , 2329 , 7485
1434 , 2329 , 2329 , 0
1435 , 9814 , 2329 , 7485
1436 , 2329 , 2329 , 0
1437 , 2329 , 2329 , 0
1438 , 2329 , 2329 , 0
1439 , 9814 , 2329 , 7485
1440 , 2329 , 2329 , 0
1441 , 2329 , 9814 , -7485
1442 , 9814 , 2329 , 7485
1443 , 2329 , 2329 , 0
1444 , 2329 , 9814 , -7485
1445 , 2329 , 2329 , 0
1446 , 2329 , 2329 , 0
1447 , 2329 , 2329 , 0
1448 , 2329 , 2329 , 0
1449 , 2329 , 2329 , 0
1450 , 9814 , 2329 , 7485
1451 , 2329 , 9814 , -7485
1452 , 9814 , 2329 , 7485
1453 , 2329 , 2329 , 0
1454 , 9814 , 9814 , 0
1455 , 9814 , 9814 , 0
1456 , 9814 , 2329 , 7485
1457 , 2329 , 2329 , 0
1458 , 2329 , 9814 , -7485
1459 , 9814 , 9814 , 0
1460 , 9814 , 2329 , 7485
1461 , 2329 , 2329 , 0
1462 , 9814 , 9814 , 0
1463 , 2329 , 2329 , 0
1464 , 2329 , 9814 , -7485
1465 , 9814 , 2329 , 7485
1466 , 2329 , 2329 , 0
1467 , 2329 , 9814 , -7485
1468 , 2329 , 2329 , 0
1469 , 2329 , 2329 , 0
1470 , 2329 , 2329 , 0
1471 , 2329 , 2329 , 0
1472 , 2329 , 2329 , 0
1473 , 2329 , 2329 , 0
1474 , 2329 , 2329 , 0
1475 , 2329 , 2329 , 0
1476 , 2329 , 2329 , 0
1477 , 2332 , 9814 , -7482
1478 , 9814 , 2329 , 7485
1479 , 2332 , 9816 , -7484
1480 , 9816 , 9816 , 0
1481 , 9816 , 9814 , 2
1482 , 9816 , 9816 , 0
1483 , 9816 , 9816 , 0
1484 , 9816 , 9816 , 0
1485 , 9816 , 9816 , 0
1486 , 9816 , 9816 , 0
1487 , 9816 , 2332 , 7484
1488 , 2332 , 9816 , -7484
1489 , 9816 , 9816 , 0
1490 , 9816 , 2332 , 7484
1491 , 2332 , 2332 , 0
1492 , 9816 , 9816 , 0
1493 , 2332 , 2332 , 0
1494 , 2332 , 2332 , 0
1495 , 1892 , 2332 , -440
1496 , 2332 , 2332 , 0
1497 , 1892 , 1892 , 0
1498 , 1892 , 1892 , 0
1499 , 1892 , 1892 , 0
1500 , 1892 , 1892 , 0
1501 , 9349 , 1892 , 7457
1502 , 1892 , 1892 , 0
1503 , 1892 , 1892 , 0
1504 , 1892 , 1892 , 0
1505 , 1892 , 2332 , -440
1506 , 2332 , 1892 , 440
1507 , 1892 , 1892 , 0
1508 , 2332 , 2332 , 0
1509 , 2332 , 2332 , 0
1510 , 1892 , 1892 , 0
1511 , 1892 , 2332 , -440
1512 , 1892 , 1892 , 0
1513 , 9349 , 1892 , 7457
1514 , 1892 , 1892 , 0
1515 , 9349 , 1892 , 7457
1516 , 1892 , 9349 , -7457
1517 , 9349 , 9349 , 0
1518 , 1892 , 1892 , 0
1519 , 1892 , 9349 , -7457
1520 , 9349 , 2332 , 7017
1521 , 2332 , 1892 , 440
1522 , 9348 , 9816 , -468
1523 , 9816 , 9348 , 468
1524 , 9348 , 9815 , -467
1525 , 9815 , 9815 , 0
1526 , 9815 , 2332 , 7483
1527 , 2331 , 9815 , -7484
1528 , 9815 , 9816 , -1
1529 , 2332 , 9815 , -7483
1530 , 9815 , 2331 , 7484
1531 , 2332 , 2332 , 0
1532 , 2332 , 9816 , -7484
1533 , 2332 , 2331 , 1
1534 , 2332 , 2332 , 0
1535 , 2332 , 2332 , 0
1536 , 2332 , 2332 , 0
1537 , 2332 , 2332 , 0
1538 , 2331 , 2332 , -1
1539 , 2331 , 2332 , -1
1540 , 2331 , 2331 , 0
1541 , 2331 , 2331 , 0
1542 , 2331 , 2331 , 0
1543 , 2331 , 2331 , 0
1544 , 2331 , 2331 , 0
1545 , 2332 , 2332 , 0
1546 , 2332 , 2332 , 0
1547 , 2332 , 2332 , 0
1548 , 2332 , 2332 , 0
1549 , 2332 , 2332 , 0
1550 , 2332 , 2332 , 0
1551 , 2332 , 2332 , 0
1552 , 2332 , 2332 , 0
1553 , 2332 , 2332 , 0
1554 , 2332 , 2332 , 0
1555 , 2332 , 2332 , 0
1556 , 2332 , 2332 , 0
1557 , 2332 , 2332 , 0
1558 , 2332 , 2332 , 0
1559 , 2332 , 2332 , 0
1560 , 2332 , 2332 , 0
1561 , 2332 , 2332 , 0
1562 , 2332 , 2332 , 0
1563 , 2332 , 2332 , 0
1564 , 2332 , 2332 , 0
1565 , 2332 , 2332 , 0
1566 , 2332 , 2332 , 0
1567 , 2332 , 2332 , 0
1568 , 2332 , 2332 , 0
1569 , 2332 , 2332 , 0
1570 , 2332 , 2332 , 0
1571 , 2332 , 2332 , 0
1572 , 2332 , 2332 , 0
1573 , 2332 , 2332 , 0
1574 , 2332 , 2332 , 0
1575 , 2332 , 2332 , 0
1576 , 2332 , 2332 , 0
1577 , 2332 , 2332 , 0
1578 , 2332 , 2332 , 0
1579 , 2332 , 2332 , 0
1580 , 2332 , 2332 , 0
1581 , 2332 , 2332 , 0
1582 , 2332 , 2332 , 0
1583 , 2332 , 2332 , 0
1584 , 2332 , 2332 , 0
1585 , 2332 , 2332 , 0
1586 , 2332 , 2332 , 0
1587 , 2332 , 2332 , 0
1588 , 2332 , 2332 , 0
1589 , 2332 , 2332 , 0
1590 , 2332 , 2332 , 0
1591 , 2332 , 2332 , 0
1592 , 2332 , 2332 , 0
1593 , 2332 , 2332 , 0
1594 , 2332 , 2332 , 0
1595 , 2332 , 2332 , 0
1596 , 2332 , 2332 , 0
1597 , 2332 , 2332 , 0
1598 , 2332 , 2332 , 0
1599 , 2332 , 2332 , 0
1600 , 2332 , 2332 , 0
1601 , 2332 , 2332 , 0
1602 , 2332 , 2332 , 0
1603 , 2332 , 2329 , 3
1604 , 2329 , 2329 , 0
1605 , 2329 , 2332 , -3
1606 , 2329 , 2329 , 0
1607 , 2329 , 2329 , 0
1608 , 2329 , 2329 , 0
1609 , 2329 , 2329 , 0
1610 , 2329 , 2329 , 0
1611 , 2329 , 2329 , 0
1612 , 2329 , 2329 , 0
1613 , 2329 , 2329 , 0
1614 , 2329 , 2329 , 0
1615 , 2329 , 2329 , 0
1616 , 2329 , 2329 , 0
1617 , 2329 , 2329 , 0
1618 , 2329 , 2329 , 0
1619 , 2329 , 2329 , 0
1620 , 2329 , 2329 , 0
1621 , 2329 , 2329 , 0
1622 , 2329 , 2329 , 0
1623 , 2329 , 2329 , 0
1624 , 2329 , 2329 , 0
1625 , 2329 , 2329 , 0
1626 , 2329 , 2329 , 0
1627 , 2329 , 2329 , 0
1628 , 2329 , 2329 , 0
1629 , 2329 , 2329 , 0
1630 , 2329 , 2329 , 0
1631 , 2329 , 2329 , 0
1632 , 2329 , 2329 , 0
1633 , 2329 , 2329 , 0
1634 , 2329 , 2329 , 0
1635 , 2329 , 2329 , 0
1636 , 2329 , 2329 , 0
1637 , 2329 , 2329 , 0
1638 , 2329 , 2329 , 0
1639 , 2329 , 2329 , 0
1640 , 2329 , 2329 , 0
1641 , 2329 , 2329 , 0
1642 , 2329 , 2329 , 0
1643 , 2329 , 2329 , 0
1644 , 2329 , 2329 , 0
1645 , 2329 , 2329 , 0
1646 , 2329 , 2329 , 0
1647 , 2329 , 2329 , 0
1648 , 2329 , 2329 , 0
1649 , 2329 , 2329 , 0
1650 , 2329 , 2329 , 0
1651 , 2329 , 2329 , 0
1652 , 2332 , 2329 , 3
1653 , 2329 , 2329 , 0
1654 , 2329 , 2332 , -3
1655 , 2329 , 2329 , 0
1656 , 2329 , 2329 , 0
1657 , 2329 , 2329 , 0
1658 , 2329 , 2329 , 0
1659 , 2329 , 2329 , 0
1660 , 2329 , 2329 , 0
1661 , 2329 , 2329 , 0
1662 , 2329 , 2329 , 0
1663 , 2329 , 2329 , 0
1664 , 2329 , 2329 , 0
1665 , 2329 , 2329 , 0
1666 , 735 , 2329 , -1594
1667 , 2329 , 735 , 1594
1668 , 735 , 735 , 0
1669 , 735 , 2329 , -1594
1670 , 2329 , 2329 , 0
1671 , 2329 , 735 , 1594
1672 , 735 , 735 , 0
1673 , 2329 , 2329 , 0
1674 , 2329 , 2329 , 0
1675 , 2329 , 2329 , 0
1676 , 2329 , 2329 , 0
1677 , 2329 , 735 , 1594
1678 , 2329 , 2329 , 0
1679 , 2329 , 2329 , 0
1680 , 2329 , 2329 , 0
1681 , 2329 , 2329 , 0
1682 , 2329 , 2329 , 0
1683 , 2329 , 2329 , 0
1684 , 2329 , 2329 , 0
1685 , 2329 , 2329 , 0
1686 , 2329 , 2329 , 0
1687 , 2329 , 2329 , 0
1688 , 2329 , 2329 , 0
1689 , 2329 , 2329 , 0
1690 , 2329 , 2329 , 0
1691 , 2329 , 2329 , 0
1692 , 2329 , 2329 , 0
1693 , 2329 , 2329 , 0
1694 , 2329 , 2329 , 0
1695 , 2329 , 2329 , 0
1696 , 2329 , 2329 , 0
1697 , 2329 , 2329 , 0
1698 , 2329 , 2329 , 0
1699 , 2329 , 2329 , 0
1700 , 2329 , 2329 , 0
1701 , 2329 , 2329 , 0
1702 , 2329 , 2329 , 0
1703 , 2329 , 2329 , 0
1704 , 2329 , 2329 , 0
1705 , 2329 , 2329 , 0
1706 , 2329 , 2329 , 0
1707 , 2329 , 2329 , 0
1708 , 2329 , 2329 , 0
1709 , 2329 , 2329 , 0
1710 , 2329 , 2329 , 0
1711 , 2329 , 2329 , 0
1712 , 2329 , 2329 , 0
1713 , 2329 , 2329 , 0
1714 , 2329 , 2329 , 0
1715 , 2329 , 2329 , 0
1716 , 2329 , 2329 , 0
1717 , 2329 , 2329 , 0
1718 , 2329 , 2329 , 0
1719 , 2329 , 2329 , 0
1720 , 2329 , 2329 , 0
1721 , 2329 , 2329 , 0
1722 , 2329 , 2329 , 0
1723 , 2329 , 2329 , 0
1724 , 2329 , 2329 , 0
1725 , 2329 , 2329 , 0
1726 , 2329 , 2329 , 0
1727 , 2329 , 2329 , 0
1728 , 2329 , 2329 , 0
1729 , 2329 , 2329 , 0
1730 , 2329 , 2329 , 0
1731 , 2329 , 2329 , 0
1732 , 2329 , 2329 , 0
1733 , 2329 , 2329 , 0
1734 , 2329 , 2329 , 0
1735 , 2329 , 2329 , 0
1736 , 2329 , 2329 , 0
1737 , 2329 , 2329 , 0
1738 , 2329 , 2329 , 0
1739 , 2329 , 2332 , -3
1740 , 2332 , 2329 , 3
1741 , 2329 , 2329 , 0
1742 , 2329 , 2332 , -3
1743 , 2332 , 2329 , 3
1744 , 2329 , 2329 , 0
1745 , 2332 , 2329 , 3
1746 , 2332 , 2332 , 0
1747 , 2332 , 2332 , 0
1748 , 2332 , 2332 , 0
1749 , 2332 , 2332 , 0
1750 , 2332 , 2332 , 0
1751 , 2332 , 2332 , 0
1752 , 9816 , 9816 , 0
1753 , 2332 , 9816 , -7484
1754 , 9816 , 2332 , 7484
1755 , 2332 , 2332 , 0
1756 , 9816 , 9816 , 0
1757 , 9816 , 9816 , 0
1758 , 9816 , 2332 , 7484
1759 , 2332 , 9816 , -7484
1760 , 9816 , 9816 , 0
1761 , 9816 , 9816 , 0
1762 , 9816 , 9816 , 0
1763 , 9814 , 9814 , 0
1764 , 9814 , 9816 , -2
1765 , 9816 , 9816 , 0
1766 , 9814 , 9814 , 0
1767 , 9814 , 9814 , 0
1768 , 9814 , 9814 , 0
1769 , 9814 , 9814 , 0
1770 , 9814 , 9814 , 0
1771 , 9814 , 9814 , 0
1772 , 9814 , 9814 , 0
1773 , 9814 , 9814 , 0
1774 , 9814 , 9814 , 0
1775 , 9814 , 9814 , 0
1776 , 9814 , 9814 , 0
1777 , 9814 , 2329 , 7485
1778 , 2329 , 9814 , -7485
1779 , 9814 , 9814 , 0
1780 , 9814 , 2329 , 7485
1781 , 9814 , 9814 , 0
1782 , 9814 , 9814 , 0
1783 , 9814 , 9816 , -2
1784 , 9814 , 9814 , 0
1785 , 9814 , 9814 , 0
1786 , 9814 , 9814 , 0
1787 , 9814 , 9816 , -2
1788 , 9816 , 9814 , 2
1789 , 9814 , 9814 , 0
1790 , 9814 , 9816 , -2
1791 , 9816 , 9816 , 0
1792 , 9814 , 9816 , -2
1793 , 9816 , 9816 , 0
1794 , 9816 , 9816 , 0
1795 , 9816 , 9816 , 0
1796 , 9816 , 9814 , 2
1797 , 9816 , 9816 , 0
1798 , 9816 , 9816 , 0
1799 , 9816 , 9816 , 0
1800 , 9816 , 9816 , 0
1801 , 9816 , 9816 , 0
1802 , 9816 , 9816 , 0
1803 , 9816 , 9816 , 0
1804 , 9816 , 9816 , 0
1805 , 9816 , 9816 , 0
1806 , 9816 , 9816 , 0
1807 , 9816 , 9816 , 0
1808 , 9816 , 9816 , 0
1809 , 9816 , 9814 , 2
1810 , 9814 , 9814 , 0
1811 , 9816 , 9816 , 0
1812 , 9814 , 9816 , -2
1813 , 9816 , 9814 , 2
1814 , 9814 , 9814 , 0
1815 , 9814 , 9814 , 0
1816 , 9814 , 9814 , 0
1817 , 9814 , 9814 , 0
1818 , 9814 , 9814 , 0
1819 , 9814 , 9814 , 0
1820 , 9814 , 9814 , 0
1821 , 9814 , 9814 , 0
1822 , 9814 , 9814 , 0
1823 , 9814 , 9814 , 0
1824 , 9814 , 9814 , 0
1825 , 9814 , 9814 , 0
1826 , 9814 , 9814 , 0
1827 , 9814 , 9814 , 0
1828 , 9814 , 9814 , 0
1829 , 9814 , 9814 , 0
1830 , 9814 , 9814 , 0
1831 , 9814 , 9814 , 0
1832 , 9814 , 9814 , 0
1833 , 9814 , 9814 , 0
1834 , 9814 , 9814 , 0
1835 , 9814 , 9814 , 0
1836 , 9814 , 9814 , 0
1837 , 9814 , 9814 , 0
1838 , 9814 , 9814 , 0
1839 , 9814 , 9814 , 0
1840 , 9814 , 9814 , 0
1841 , 9814 , 9814 , 0
1842 , 9814 , 9814 , 0
1843 , 9814 , 9814 , 0
1844 , 9814 , 9814 , 0
1845 , 9814 , 9814 , 0
1846 , 9814 , 9814 , 0
1847 , 9814 , 9814 , 0
1848 , 9814 , 9814 , 0
1849 , 9814 , 9814 , 0
1850 , 9814 , 9814 , 0
1851 , 9814 , 9814 , 0
1852 , 9814 , 9814 , 0
1853 , 9814 , 9814 , 0
1854 , 9814 , 9814 , 0
1855 , 9814 , 2329 , 7485
1856 , 2329 , 9814 , -7485
1857 , 9814 , 9814 , 0
1858 , 9814 , 2329 , 7485
1859 , 9814 , 2329 , 7485
1860 , 2329 , 9814 , -7485
1861 , 9814 , 2329 , 7485
1862 , 2329 , 2329 , 0
1863 , 2329 , 2329 , 0
1864 , 2329 , 2329 , 0
1865 , 2329 , 2329 , 0
1866 , 2329 , 2329 , 0
1867 , 2329 , 1890 , 439
1868 , 2329 , 2329 , 0
1869 , 2329 , 2329 , 0
1870 , 1890 , 2329 , -439
1871 , 2329 , 2329 , 0
1872 , 2329 , 2329 , 0
1873 , 2329 , 2329 , 0
1874 , 2329 , 2329 , 0
1875 , 2329 , 2329 , 0
1876 , 2329 , 1890 , 439
1877 , 2329 , 2329 , 0
1878 , 2329 , 2329 , 0
1879 , 2329 , 2329 , 0
1880 , 2329 , 2329 , 0
1881 , 2329 , 2329 , 0
1882 , 2329 , 2329 , 0
1883 , 2329 , 2329 , 0
1884 , 1890 , 2329 , -439
1885 , 2329 , 2329 , 0
1886 , 1890 , 1890 , 0
1887 , 1890 , 1890 , 0
1888 , 1890 , 1890 , 0
1889 , 1890 , 1890 , 0
1890 , 1890 , 1890 , 0
1891 , 1890 , 1890 , 0
1892 , 1890 , 2329 , -439
1893 , 2329 , 1890 , 439
1894 , 1890 , 2329 , -439
1895 , 2329 , 2329 , 0
1896 , 2329 , 2329 , 0
1897 , 2329 , 2329 , 0
1898 , 2329 , 2329 , 0
1899 , 2329 , 2329 , 0
1900 , 2329 , 2329 , 0
1901 , 2329 , 2329 , 0
1902 , 2329 , 2329 , 0
1903 , 2329 , 2329 , 0
1904 , 2329 , 2329 , 0
1905 , 2329 , 1890 , 439
1906 , 1890 , 2329 , -439
1907 , 2329 , 2329 , 0
1908 , 1890 , 1890 , 0
1909 , 1890 , 1890 , 0
1910 , 1890 , 1890 , 0
1911 , 1890 , 1890 , 0
1912 , 1890 , 1890 , 0
1913 , 1890 , 1890 , 0
1914 , 1890 , 1890 , 0
1915 , 1890 , 1890 , 0
1916 , 1890 , 1890 , 0
1917 , 1890 , 1890 , 0
1918 , 1890 , 1890 , 0
1919 , 1890 , 1890 , 0
1920 , 1890 , 1890 , 0
1921 , 1890 , 1890 , 0
1922 , 1890 , 1890 , 0
1923 , 1890 , 1890 , 0
1924 , 1890 , 1890 , 0
1925 , 1890 , 1890 , 0
1926 , 1890 , 1890 , 0
1927 , 1890 , 1890 , 0
1928 , 1890 , 1890 , 0
1929 , 1890 , 1890 , 0
1930 , 1890 , 1890 , 0
1931 , 1890 , 1890 , 0
1932 , 1890 , 1890 , 0
1933 , 1890 , 1890 , 0
1934 , 1890 , 1890 , 0
1935 , 1890 , 1890 , 0
1936 , 1890 , 1890 , 0
1937 , 1890 , 1890 , 0
1938 , 1890 , 1890 , 0
1939 , 1890 , 1890 , 0
1940 , 1890 , 1890 , 0
1941 , 1890 , 1890 , 0
1942 , 1890 , 1890 , 0
1943 , 1890 , 1890 , 0
1944 , 1890 , 1890 , 0
1945 , 1890 , 1890 , 0
1946 , 1890 , 1890 , 0
1947 , 1890 , 1890 , 0
1948 , 1890 , 1890 , 0
1949 , 1890 , 1890 , 0
1950 , 1890 , 1890 , 0
1951 , 1890 , 1890 , 0
1952 , 1890 , 1890 , 0
1953 , 1890 , 1890 , 0
1954 , 1890 , 1890 , 0
1955 , 1890 , 1890 , 0
1956 , 1890 , 1890 , 0
1957 , 1890 , 1890 , 0
1958 , 1890 , 1890 , 0
1959 , 1890 , 1890 , 0
1960 , 1890 , 1890 , 0
1961 , 1890 , 1890 , 0
1962 , 1890 , 1890 , 0
1963 , 1890 , 1890 , 0
1964 , 1890 , 1911 , -21
1965 , 1890 , 1890 , 0
1966 , 1890 , 1890 , 0
1967 , 1911 , 1911 , 0
1968 , 1911 , 1890 , 21
1969 , 1911 , 1911 , 0
1970 , 1911 , 1911 , 0
1971 , 1911 , 1911 , 0
1972 , 1911 , 1911 , 0
1973 , 1911 , 1911 , 0
1974 , 1911 , 1911 , 0
1975 , 1911 , 1911 , 0
1976 , 1911 , 1890 , 21
1977 , 1890 , 1911 , -21
1978 , 1911 , 1911 , 0
1979 , 1890 , 1890 , 0
1980 , 1911 , 1911 , 0
1981 , 1911 , 1911 , 0
1982 , 1911 , 1890 , 21
1983 , 1890 , 1911 , -21
1984 , 1911 , 1911 , 0
1985 , 1890 , 1890 , 0
1986 , 1890 , 1890 , 0
1987 , 1890 , 1890 , 0
1988 , 1890 , 1890 , 0
1989 , 1890 , 1890 , 0
1990 , 1890 , 1890 , 0
1991 , 1890 , 1890 , 0
1992 , 1890 , 1890 , 0
1993 , 1890 , 1890 , 0
1994 , 1890 , 1890 , 0
1995 , 1890 , 1890 , 0
1996 , 1890 , 1890 , 0
1997 , 1890 , 1890 , 0
1998 , 1890 , 1890 , 0
1999 , 1890 , 1890 , 0
2000 , 1890 , 1890 , 0
2001 , 1890 , 1890 , 0
2002 , 1890 , 1890 , 0
2003 , 1890 , 1890 , 0
2004 , 1890 , 1890 , 0
2005 , 1890 , 1890 , 0
2006 , 1890 , 1890 , 0
2007 , 1890 , 1911 , -21
2008 , 1911 , 1890 , 21
2009 , 1890 , 1890 , 0
2010 , 1911 , 1911 , 0
2011 , 1911 , 1890 , 21
2012 , 1890 , 1911 , -21
2013 , 1911 , 1911 , 0
2014 , 1890 , 1911 , -21
2015 , 1911 , 1890 , 21
2016 , 1890 , 1890 , 0
2017 , 1911 , 315 , 1596
2018 , 315 , 1911 , -1596
2019 , 1911 , 1911 , 0
2020 , 315 , 315 , 0
2021 , 315 , 315 , 0
2022 , 315 , 315 , 0
2023 , 315 , 315 , 0
2024 , 315 , 315 , 0
2025 , 315 , 315 , 0
2026 , 315 , 315 , 0
2027 , 295 , 295 , 0
2028 , 295 , 295 , 0
2029 , 295 , 295 , 0
2030 , 295 , 295 , 0
2031 , 295 , 295 , 0
2032 , 295 , 295 , 0
2033 , 295 , 295 , 0
2034 , 295 , 295 , 0
2035 , 295 , 295 , 0
2036 , 295 , 295 , 0
2037 , 295 , 295 , 0
2038 , 295 , 295 , 0
2039 , 295 , 295 , 0
2040 , 295 , 295 , 0
2041 , 295 , 295 , 0
2042 , 295 , 295 , 0
2043 , 295 , 295 , 0
2044 , 295 , 295 , 0
2045 , 295 , 295 , 0
2046 , 295 , 295 , 0
2047 , 295 , 295 , 0
2048 , 295 , 295 , 0
2049 , 295 , 295 , 0
2050 , 295 , 295 , 0
2051 , 295 , 295 , 0
2052 , 295 , 295 , 0
2053 , 295 , 295 , 0
2054 , 295 , 295 , 0
2055 , 295 , 295 , 0
2056 , 295 , 295 , 0
2057 , 295 , 295 , 0
2058 , 295 , 295 , 0
2059 , 295 , 295 , 0
2060 , 295 , 295 , 0
2061 , 295 , 295 , 0
2062 , 295 , 295 , 0
2063 , 295 , 295 , 0
2064 , 295 , 295 , 0
2065 , 295 , 295 , 0
2066 , 295 , 295 , 0
2067 , 295 , 295 , 0
2068 , 295 , 295 , 0
2069 , 295 , 295 , 0
2070 , 295 , 295 , 0
2071 , 295 , 295 , 0
2072 , 295 , 295 , 0
2073 , 295 , 295 , 0
2074 , 295 , 295 , 0
2075 , 295 , 295 , 0
2076 , 295 , 295 , 0
2077 , 295 , 295 , 0
2078 , 295 , 295 , 0
2079 , 295 , 295 , 0
2080 , 295 , 295 , 0
2081 , 295 , 295 , 0
2082 , 295 , 295 , 0
2083 , 295 , 295 , 0
2084 , 295 , 295 , 0
2085 , 295 , 295 , 0
2086 , 295 , 295 , 0
2087 , 295 , 295 , 0
2088 , 295 , 295 , 0
2089 , 295 , 295 , 0
2090 , 295 , 295 , 0
2091 , 295 , 295 , 0
2092 , 295 , 295 , 0
2093 , 295 , 295 , 0
2094 , 295 , 295 , 0
2095 , 295 , 295 , 0
2096 , 295 , 295 , 0
2097 , 295 , 295 , 0
2098 , 295 , 295 , 0
2099 , 295 , 295 , 0
2100 , 295 , 295 , 0
2101 , 295 , 295 , 0
2102 , 295 , 295 , 0
2103 , 295 , 295 , 0
2104 , 295 , 295 , 0
2105 , 295 , 295 , 0
2106 , 295 , 295 , 0
2107 , 295 , 295 , 0
2108 , 295 , 295 , 0
2109 , 295 , 295 , 0
2110 , 295 , 295 , 0
2111 , 295 , 295 , 0
2112 , 295 , 295 , 0
2113 , 295 , 295 , 0
2114 , 295 , 295 , 0
2115 , 295 , 295 , 0
2116 , 295 , 315 , -20
2117 , 315 , 295 , 20
2118 , 295 , 295 , 0
2119 , 315 , 295 , 20
2120 , 315 , 315 , 0
2121 , 315 , 315 , 0
2122 , 315 , 315 , 0
2123 , 315 , 315 , 0
2124 , 315 , 315 , 0
2125 , 315 , 315 , 0
2126 , 315 , 315 , 0
2127 , 315 , 315 , 0
2128 , 315 , 315 , 0
2129 , 315 , 315 , 0
2130 , 315 , 315 , 0
2131 , 315 , 315 , 0
2132 , 315 , 315 , 0
2133 , 315 , 315 , 0
2134 , 315 , 315 , 0
2135 , 315 , 315 , 0
2136 , 315 , 315 , 0
2137 , 315 , 315 , 0
2138 , 315 , 315 , 0
2139 , 315 , 315 , 0
2140 , 315 , 315 , 0
2141 , 315 , 315 , 0
2142 , 315 , 315 , 0
2143 , 315 , 315 , 0
2144 , 315 , 315 , 0
2145 , 315 , 315 , 0
2146 , 315 , 315 , 0
2147 , 315 , 315 , 0
2148 , 315 , 315 , 0
2149 , 315 , 315 , 0
2150 , 315 , 315 , 0
2151 , 315 , 315 , 0
2152 , 315 , 315 , 0
2153 , 315 , 315 , 0
2154 , 315 , 315 , 0
2155 , 315 , 315 , 0
2156 , 315 , 315 , 0
2157 , 315 , 315 , 0
2158 , 315 , 315 , 0
2159 , 315 , 315 , 0
2160 , 315 , 315 , 0
2161 , 315 , 315 , 0
2162 , 315 , 315 , 0
2163 , 315 , 315 , 0
2164 , 315 , 315 , 0
2165 , 315 , 315 , 0
2166 , 315 , 315 , 0
2167 , 315 , 315 , 0
2168 , 315 , 315 , 0
2169 , 315 , 315 , 0
2170 , 315 , 315 , 0
2171 , 315 , 315 , 0
2172 , 315 , 315 , 0
2173 , 315 , 315 , 0
2174 , 315 , 315 , 0
2175 , 315 , 315 , 0
2176 , 315 , 315 , 0
2177 , 315 , 315 , 0
2178 , 315 , 315 , 0
2179 , 315 , 315 , 0
2180 , 315 , 315 , 0
2181 , 315 , 315 , 0
2182 , 315 , 315 , 0
2183 , 315 , 315 , 0
2184 , 315 , 315 , 0
2185 , 315 , 315 , 0
2186 , 315 , 315 , 0
2187 , 315 , 315 , 0
2188 , 315 , 315 , 0
2189 , 315 , 315 , 0
2190 , 315 , 315 , 0
2191 , 315 , 315 , 0
2192 , 315 , 315 , 0
2193 , 315 , 315 , 0
2194 , 315 , 315 , 0
2195 , 315 , 315 , 0
2196 , 315 , 315 , 0
2197 , 315 , 315 , 0
2198 , 315 , 315 , 0
2199 , 315 , 315 , 0
2200 , 315 , 315 , 0
2201 , 315 , 315 , 0
2202 , 315 , 315 , 0
2203 , 315 , 315 , 0
2204 , 315 , 315 , 0
2205 , 295 , 315 , -20
2206 , 315 , 295 , 20
2207 , 295 , 315 , -20
2208 , 315 , 295 , 20
2209 , 295 , 315 , -20
2210 , 315 , 315 , 0
2211 , 295 , 315 , -20
2212 , 315 , 315 , 0
2213 , 315 , 315 , 0
2214 , 315 , 315 , 0
2215 , 315 , 315 , 0
2216 , 315 , 315 , 0
2217 , 315 , 315 , 0
2218 , 315 , 315 , 0
2219 , 315 , 315 , 0
2220 , 315 , 315 , 0
2221 , 315 , 315 , 0
2222 , 315 , 315 , 0
2223 , 315 , 315 , 0
2224 , 315 , 315 , 0
2225 , 315 , 315 , 0
2226 , 315 , 315 , 0
2227 , 315 , 315 , 0
2228 , 315 , 315 , 0
2229 , 315 , 315 , 0
2230 , 315 , 315 , 0
2231 , 315 , 315 , 0
2232 , 315 , 315 , 0
2233 , 315 , 315 , 0
2234 , 315 , 315 , 0
2235 , 315 , 315 , 0
2236 , 315 , 315 , 0
2237 , 315 , 315 , 0
2238 , 315 , 315 , 0
2239 , 315 , 315 , 0
2240 , 315 , 315 , 0
2241 , 315 , 315 , 0
2242 , 315 , 315 , 0
2243 , 315 , 315 , 0
2244 , 315 , 315 , 0
2245 , 315 , 315 , 0
2246 , 315 , 315 , 0
2247 , 315 , 315 , 0
2248 , 315 , 315 , 0
2249 , 315 , 315 , 0
2250 , 315 , 315 , 0
2251 , 315 , 315 , 0
2252 , 315 , 315 , 0
2253 , 315 , 315 , 0
2254 , 315 , 315 , 0
2255 , 315 , 315 , 0
2256 , 315 , 315 , 0
2257 , 315 , 315 , 0
2258 , 315 , 315 , 0
2259 , 315 , 315 , 0
2260 , 315 , 315 , 0
2261 , 315 , 315 , 0
2262 , 315 , 315 , 0
2263 , 315 , 315 , 0
2264 , 315 , 315 , 0
2265 , 315 , 315 , 0
2266 , 315 , 315 , 0
2267 , 315 , 315 , 0
2268 , 315 , 315 , 0
2269 , 315 , 315 , 0
2270 , 315 , 315 , 0
2271 , 315 , 315 , 0
2272 , 315 , 315 , 0
2273 , 315 , 315 , 0
2274 , 315 , 315 , 0
2275 , 315 , 315 , 0
2276 , 315 , 315 , 0
2277 , 315 , 315 , 0
2278 , 315 , 315 , 0
2279 , 315 , 315 , 0
2280 , 315 , 315 , 0
2281 , 315 , 315 , 0
2282 , 315 , 315 , 0
2283 , 315 , 315 , 0
2284 , 315 , 315 , 0
2285 , 315 , 315 , 0
2286 , 315 , 315 , 0
2287 , 315 , 315 , 0
2288 , 315 , 315 , 0
2289 , 315 , 315 , 0
2290 , 315 , 315 , 0
2291 , 315 , 315 , 0
2292 , 315 , 315 , 0
2293 , 315 , 315 , 0
2294 , 315 , 315 , 0
2295 , 315 , 315 , 0
2296 , 315 , 315 , 0
2297 , 315 , 315 , 0
2298 , 315 , 315 , 0
2299 , 315 , 315 , 0
2300 , 315 , 315 , 0
2301 , 315 , 315 , 0
2302 , 315 , 315 , 0
2303 , 315 , 315 , 0
2304 , 315 , 315 , 0
2305 , 315 , 315 , 0
2306 , 315 , 315 , 0
2307 , 315 , 315 , 0
2308 , 315 , 315 , 0
2309 , 315 , 315 , 0
2310 , 315 , 315 , 0
2311 , 315 , 315 , 0
2312 , 315 , 315 , 0
2313 , 315 , 315 , 0
2314 , 315 , 315 , 0
2315 , 315 , 315 , 0
2316 , 315 , 315 , 0
2317 , 315 , 315 , 0
2318 , 315 , 315 , 0
2319 , 315 , 315 , 0
2320 , 315 , 315 , 0
2321 , 315 , 315 , 0
2322 , 315 , 315 , 0
2323 , 315 , 315 , 0
2324 , 315 , 315 , 0
2325 , 315 , 315 , 0
2326 , 315 , 315 , 0
2327 , 315 , 315 , 0
2328 , 315 , 315 , 0
2329 , 315 , 315 , 0
2330 , 315 , 315 , 0
2331 , 315 , 315 , 0
2332 , 315 , 315 , 0
2333 , 315 , 315 , 0
2334 , 315 , 315 , 0
2335 , 315 , 315 , 0
2336 , 315 , 315 , 0
2337 , 315 , 315 , 0
2338 , 315 , 315 , 0
2339 , 315 , 315 , 0
2340 , 315 , 315 , 0
2341 , 315 , 315 , 0
2342 , 315 , 315 , 0
2343 , 315 , 315 , 0
2344 , 315 , 315 , 0
2345 , 315 , 315 , 0
2346 , 315 , 315 , 0
2347 , 315 , 315 , 0
2348 , 315 , 315 , 0
2349 , 315 , 315 , 0
2350 , 315 , 315 , 0
2351 , 315 , 315 , 0
2352 , 315 , 315 , 0
2353 , 315 , 315 , 0
2354 , 315 , 315 , 0
2355 , 315 , 315 , 0
2356 , 315 , 315 , 0
2357 , 315 , 315 , 0
2358 , 315 , 315 , 0
2359 , 315 , 315 , 0
2360 , 315 , 315 , 0
2361 , 315 , 315 , 0
2362 , 315 , 315 , 0
2363 , 315 , 315 , 0
2364 , 315 , 315 , 0
2365 , 315 , 315 , 0
2366 , 315 , 315 , 0
2367 , 315 , 315 , 0
2368 , 315 , 315 , 0
2369 , 315 , 315 , 0
2370 , 315 , 315 , 0
2371 , 315 , 315 , 0
2372 , 315 , 315 , 0
2373 , 315 , 315 , 0
2374 , 315 , 315 , 0
2375 , 315 , 315 , 0
2376 , 315 , 315 , 0
2377 , 315 , 315 , 0
2378 , 315 , 315 , 0
2379 , 315 , 315 , 0
2380 , 315 , 315 , 0
2381 , 315 , 315 , 0
2382 , 315 , 315 , 0
2383 , 315 , 315 , 0
2384 , 315 , 315 , 0
2385 , 315 , 315 , 0
2386 , 315 , 315 , 0
2387 , 315 , 315 , 0
2388 , 315 , 315 , 0
2389 , 315 , 315 , 0
2390 , 315 , 315 , 0
2391 , 315 , 315 , 0
2392 , 315 , 315 , 0
2393 , 315 , 315 , 0
2394 , 315 , 315 , 0
2395 , 315 , 315 , 0
2396 , 315 , 315 , 0
2397 , 315 , 315 , 0
2398 , 315 , 315 , 0
2399 , 315 , 315 , 0
2400 , 315 , 315 , 0
2401 , 315 , 315 , 0
2402 , 315 , 315 , 0
2403 , 315 , 315 , 0
2404 , 315 , 315 , 0
2405 , 315 , 315 , 0
2406 , 315 , 315 , 0
2407 , 315 , 315 , 0
2408 , 315 , 315 , 0
2409 , 315 , 315 , 0
2410 , 315 , 315 , 0
2411 , 315 , 315 , 0
2412 , 315 , 315 , 0
2413 , 315 , 315 , 0
2414 , 315 , 315 , 0
2415 , 315 , 315 , 0
2416 , 315 , 315 , 0
2417 , 315 , 315 , 0
2418 , 315 , 315 , 0
2419 , 315 , 315 , 0
2420 , 315 , 315 , 0
2421 , 315 , 315 , 0
2422 , 315 , 315 , 0
2423 , 315 , 315 , 0
2424 , 315 , 315 , 0
2425 , 315 , 315 , 0
2426 , 315 , 315 , 0
2427 , 315 , 315 , 0
2428 , 315 , 315 , 0
2429 , 315 , 315 , 0
2430 , 315 , 315 , 0
2431 , 315 , 315 , 0
2432 , 315 , 315 , 0
2433 , 315 , 315 , 0
2434 , 315 , 315 , 0
2435 , 315 , 315 , 0
2436 , 315 , 315 , 0
2437 , 315 , 315 , 0
2438 , 315 , 315 , 0
2439 , 315 , 315 , 0
2440 , 315 , 315 , 0
2441 , 315 , 315 , 0
2442 , 315 , 315 , 0
2443 , 315 , 315 , 0
2444 , 315 , 315 , 0
2445 , 315 , 315 , 0
2446 , 315 , 315 , 0
2447 , 315 , 315 , 0
2448 , 315 , 315 , 0
2449 , 315 , 315 , 0
2450 , 315 , 315 , 0
2451 , 315 , 315 , 0
2452 , 315 , 315 , 0
2453 , 315 , 315 , 0
2454 , 315 , 315 , 0
2455 , 315 , 315 , 0
2456 , 315 , 315 , 0
2457 , 315 , 315 , 0
2458 , 315 , 315 , 0
2459 , 315 , 315 , 0
2460 , 315 , 315 , 0
2461 , 315 , 315 , 0
2462 , 315 , 315 , 0
2463 , 315 , 315 , 0
2464 , 315 , 315 , 0
2465 , 315 , 315 , 0
2466 , 315 , 315 , 0
2467 , 315 , 315 , 0
2468 , 315 , 315 , 0
2469 , 315 , 315 , 0
2470 , 315 , 315 , 0
2471 , 315 , 315 , 0
2472 , 315 , 315 , 0
2473 , 315 , 315 , 0
2474 , 315 , 315 , 0
2475 , 315 , 315 , 0
2476 , 315 , 315 , 0
2477 , 315 , 315 , 0
2478 , 315 , 315 , 0
2479 , 315 , 315 , 0
2480 , 315 , 315 , 0
2481 , 315 , 315 , 0
2482 , 315 , 315 , 0
2483 , 315 , 315 , 0
2484 , 315 , 315 , 0
2485 , 315 , 315 , 0
2486 , 315 , 315 , 0
2487 , 315 , 315 , 0
2488 , 315 , 315 , 0
2489 , 315 , 315 , 0
2490 , 315 , 315 , 0
2491 , 315 , 315 , 0
2492 , 315 , 315 , 0
2493 , 315 , 315 , 0
2494 , 315 , 315 , 0
2495 , 315 , 315 , 0
2496 , 315 , 315 , 0
2497 , 315 , 315 , 0
2498 , 315 , 315 , 0
2499 , 315 , 315 , 0
2500 , 315 , 315 , 0
2501 , 315 , 315 , 0
2502 , 315 , 315 , 0
2503 , 315 , 315 , 0
2504 , 315 , 315 , 0
2505 , 315 , 315 , 0
2506 , 315 , 315 , 0
2507 , 315 , 315 , 0
2508 , 315 , 315 , 0
2509 , 315 , 315 , 0
2510 , 315 , 315 , 0
2511 , 315 , 315 , 0
2512 , 315 , 315 , 0
2513 , 315 , 315 , 0
2514 , 315 , 315 , 0
2515 , 315 , 315 , 0
2516 , 315 , 315 , 0
2517 , 315 , 315 , 0
2518 , 315 , 315 , 0
2519 , 315 , 315 , 0
2520 , 315 , 315 , 0
2521 , 315 , 315 , 0
2522 , 315 , 315 , 0
2523 , 315 , 315 , 0
2524 , 315 , 315 , 0
2525 , 315 , 315 , 0
2526 , 315 , 315 , 0
2527 , 315 , 315 , 0
2528 , 315 , 315 , 0
2529 , 315 , 315 , 0
2530 , 315 , 315 , 0
2531 , 315 , 315 , 0
2532 , 315 , 315 , 0
2533 , 315 , 315 , 0
2534 , 315 , 315 , 0
2535 , 315 , 315 , 0
2536 , 315 , 315 , 0
2537 , 315 , 315 , 0
2538 , 315 , 315 , 0
2539 , 315 , 315 , 0
2540 , 315 , 315 , 0
2541 , 315 , 315 , 0
2542 , 315 , 315 , 0
2543 , 315 , 315 , 0
2544 , 315 , 315 , 0
2545 , 315 , 315 , 0
2546 , 315 , 315 , 0
2547 , 315 , 315 , 0
2548 , 315 , 315 , 0
2549 , 315 , 315 , 0
2550 , 315 , 315 , 0
2551 , 315 , 315 , 0
2552 , 315 , 315 , 0
2553 , 315 , 315 , 0
2554 , 315 , 315 , 0
2555 , 315 , 315 , 0
2556 , 315 , 315 , 0
2557 , 315 , 315 , 0
2558 , 315 , 315 , 0
2559 , 315 , 315 , 0
2560 , 315 , 315 , 0
2561 , 315 , 315 , 0
2562 , 315 , 315 , 0
2563 , 315 , 315 , 0
2564 , 315 , 315 , 0
2565 , 315 , 315 , 0
2566 , 315 , 315 , 0
2567 , 315 , 315 , 0
2568 , 315 , 315 , 0
2569 , 315 , 315 , 0
2570 , 315 , 315 , 0
2571 , 315 , 315 , 0
2572 , 315 , 315 , 0
2573 , 315 , 315 , 0
2574 , 315 , 315 , 0
2575 , 315 , 315 , 0
2576 , 315 , 315 , 0
2577 , 315 , 315 , 0
2578 , 315 , 315 , 0
2579 , 315 , 315 , 0
2580 , 315 , 315 , 0
2581 , 315 , 315 , 0
2582 , 315 , 315 , 0
2583 , 315 , 315 , 0
2584 , 315 , 315 , 0
2585 , 315 , 315 , 0
2586 , 315 , 315 , 0
2587 , 315 , 315 , 0
2588 , 315 , 315 , 0
2589 , 315 , 315 , 0
2590 , 315 , 315 , 0
2591 , 315 , 315 , 0
2592 , 315 , 315 , 0
2593 , 315 , 315 , 0
2594 , 315 , 315 , 0
2595 , 315 , 315 , 0
2596 , 315 , 315 , 0
2597 , 315 , 315 , 0
2598 , 315 , 315 , 0
2599 , 315 , 315 , 0
2600 , 315 , 315 , 0
2601 , 315 , 315 , 0
2602 , 315 , 315 , 0
2603 , 315 , 315 , 0
2604 , 315 , 315 , 0
2605 , 315 , 315 , 0
2606 , 315 , 315 , 0
2607 , 315 , 315 , 0
2608 , 315 , 315 , 0
2609 , 315 , 315 , 0
2610 , 315 , 315 , 0
2611 , 315 , 315 , 0
2612 , 315 , 315 , 0
2613 , 315 , 315 , 0
2614 , 315 , 315 , 0
2615 , 315 , 315 , 0
2616 , 315 , 315 , 0
2617 , 315 , 315 , 0
2618 , 315 , 315 , 0
2619 , 315 , 315 , 0
2620 , 315 , 315 , 0
2621 , 315 , 315 , 0
2622 , 315 , 315 , 0
2623 , 315 , 315 , 0
2624 , 315 , 315 , 0
2625 , 315 , 315 , 0
2626 , 315 , 315 , 0
2627 , 315 , 315 , 0
2628 , 315 , 315 , 0
2629 , 315 , 315 , 0
2630 , 315 , 315 , 0
2631 , 315 , 315 , 0
2632 , 315 , 315 , 0
2633 , 315 , 315 , 0
2634 , 315 , 315 , 0
2635 , 315 , 315 , 0
2636 , 315 , 315 , 0
2637 , 315 , 315 , 0
2638 , 315 , 315 , 0
2639 , 315 , 315 , 0
2640 , 315 , 315 , 0
2641 , 315 , 315 , 0
2642 , 315 , 315 , 0
2643 , 315 , 315 , 0
2644 , 315 , 315 , 0
2645 , 315 , 315 , 0
2646 , 315 , 315 , 0
2647 , 315 , 315 , 0
2648 , 315 , 315 , 0
2649 , 315 , 315 , 0
2650 , 315 , 315 , 0
2651 , 315 , 315 , 0
2652 , 315 , 315 , 0
2653 , 315 , 315 , 0
2654 , 315 , 315 , 0
2655 , 315 , 315 , 0
2656 , 315 , 315 , 0
2657 , 315 , 315 , 0
2658 , 315 , 315 , 0
2659 , 315 , 315 , 0
2660 , 315 , 315 , 0
2661 , 315 , 315 , 0
2662 , 315 , 315 , 0
2663 , 315 , 315 , 0
2664 , 315 , 315 , 0
2665 , 315 , 315 , 0
2666 , 315 , 315 , 0
2667 , 315 , 315 , 0
2668 , 315 , 315 , 0
2669 , 315 , 315 , 0
2670 , 315 , 315 , 0
2671 , 315 , 315 , 0
2672 , 315 , 315 , 0
2673 , 315 , 315 , 0
2674 , 315 , 315 , 0
2675 , 315 , 315 , 0
2676 , 315 , 315 , 0
2677 , 315 , 315 , 0
2678 , 315 , 315 , 0
2679 , 315 , 315 , 0
2680 , 315 , 315 , 0
2681 , 315 , 315 , 0
2682 , 315 , 315 , 0
2683 , 315 , 315 , 0
2684 , 315 , 315 , 0
2685 , 315 , 315 , 0
2686 , 315 , 315 , 0
2687 , 315 , 315 , 0
2688 , 315 , 315 , 0
2689 , 315 , 315 , 0
2690 , 315 , 315 , 0
2691 , 315 , 315 , 0
2692 , 315 , 315 , 0
2693 , 315 , 315 , 0
2694 , 315 , 315 , 0
2695 , 315 , 315 , 0
2696 , 315 , 315 , 0
2697 , 315 , 315 , 0
2698 , 315 , 315 , 0
2699 , 315 , 315 , 0
2700 , 315 , 315 , 0
2701 , 315 , 315 , 0
2702 , 315 , 315 , 0
2703 , 315 , 315 , 0
2704 , 315 , 315 , 0
2705 , 315 , 315 , 0
2706 , 315 , 315 , 0
2707 , 315 , 315 , 0
2708 , 315 , 315 , 0
2709 , 315 , 315 , 0
2710 , 315 , 315 , 0
2711 , 315 , 315 , 0
2712 , 315 , 315 , 0
2713 , 315 , 315 , 0
2714 , 315 , 315 , 0
2715 , 315 , 315 , 0
2716 , 315 , 315 , 0
2717 , 315 , 315 , 0
2718 , 315 , 315 , 0
2719 , 315 , 315 , 0
2720 , 315 , 315 , 0
2721 , 315 , 315 , 0
2722 , 315 , 315 , 0
2723 , 315 , 315 , 0
2724 , 315 , 315 , 0
2725 , 315 , 315 , 0
2726 , 315 , 315 , 0
2727 , 315 , 315 , 0
2728 , 315 , 315 , 0
2729 , 315 , 315 , 0
2730 , 315 , 315 , 0
2731 , 315 , 315 , 0
2732 , 315 , 315 , 0
2733 , 315 , 315 , 0
2734 , 315 , 315 , 0
2735 , 315 , 315 , 0
2736 , 315 , 315 , 0
2737 , 315 , 315 , 0
2738 , 315 , 315 , 0
2739 , 315 , 315 , 0
2740 , 315 , 315 , 0
2741 , 315 , 315 , 0
2742 , 315 , 315 , 0
2743 , 315 , 315 , 0
2744 , 315 , 315 , 0
2745 , 315 , 315 , 0
2746 , 315 , 315 , 0
2747 , 315 , 315 , 0
2748 , 315 , 315 , 0
2749 , 315 , 315 , 0
2750 , 315 , 315 , 0
2751 , 315 , 315 , 0
2752 , 315 , 315 , 0
2753 , 315 , 315 , 0
2754 , 315 , 315 , 0
2755 , 315 , 315 , 0
2756 , 315 , 315 , 0
2757 , 315 , 315 , 0
2758 , 315 , 315 , 0
2759 , 315 , 315 , 0
2760 , 315 , 315 , 0
2761 , 315 , 315 , 0
2762 , 315 , 315 , 0
2763 , 315 , 315 , 0
2764 , 315 , 315 , 0
2765 , 315 , 315 , 0
2766 , 315 , 315 , 0
2767 , 315 , 315 , 0
2768 , 315 , 315 , 0
2769 , 295 , 315 , -20
2770 , 315 , 295 , 20
2771 , 295 , 295 , 0
2772 , 295 , 295 , 0
2773 , 295 , 295 , 0
2774 , 295 , 295 , 0
2775 , 295 , 295 , 0
2776 , 295 , 295 , 0
2777 , 295 , 295 , 0
2778 , 295 , 295 , 0
2779 , 295 , 315 , -20
2780 , 315 , 295 , 20
2781 , 295 , 295 , 0
2782 , 315 , 315 , 0
2783 , 295 , 295 , 0
2784 , 295 , 295 , 0
2785 , 295 , 315 , -20
2786 , 315 , 295 , 20
2787 , 295 , 315 , -20
2788 , 315 , 315 , 0
2789 , 315 , 295 , 20
2790 , 315 , 315 , 0
2791 , 315 , 315 , 0
2792 , 315 , 315 , 0
2793 , 315 , 315 , 0
2794 , 315 , 315 , 0
2795 , 315 , 295 , 20
2796 , 315 , 315 , 0
2797 , 315 , 315 , 0
2798 , 295 , 315 , -20
2799 , 315 , 315 , 0
2800 , 315 , 295 , 20
2801 , 295 , 315 , -20
2802 , 315 , 315 , 0
2803 , 315 , 315 , 0
2804 , 315 , 315 , 0
2805 , 315 , 315 , 0
2806 , 315 , 315 , 0
2807 , 315 , 315 , 0
2808 , 315 , 315 , 0
2809 , 315 , 315 , 0
2810 , 315 , 315 , 0
2811 , 315 , 315 , 0
2812 , 315 , 315 , 0
2813 , 315 , 315 , 0
2814 , 315 , 315 , 0
2815 , 315 , 315 , 0
2816 , 315 , 315 , 0
2817 , 315 , 315 , 0
2818 , 315 , 315 , 0
2819 , 315 , 315 , 0
2820 , 315 , 315 , 0
2821 , 315 , 315 , 0
2822 , 315 , 315 , 0
2823 , 315 , 315 , 0
2824 , 315 , 315 , 0
2825 , 315 , 315 , 0
2826 , 315 , 315 , 0
2827 , 315 , 315 , 0
2828 , 315 , 315 , 0
2829 , 315 , 315 , 0
2830 , 315 , 315 , 0
2831 , 315 , 315 , 0
2832 , 315 , 315 , 0
2833 , 315 , 315 , 0
2834 , 315 , 315 , 0
2835 , 315 , 315 , 0
2836 , 315 , 315 , 0
2837 , 315 , 315 , 0
2838 , 315 , 315 , 0
2839 , 315 , 315 , 0
2840 , 315 , 315 , 0
2841 , 315 , 315 , 0
2842 , 315 , 315 , 0
2843 , 315 , 315 , 0
2844 , 315 , 315 , 0
2845 , 315 , 315 , 0
2846 , 315 , 315 , 0
2847 , 315 , 315 , 0
2848 , 315 , 315 , 0
2849 , 315 , 315 , 0
2850 , 315 , 315 , 0
2851 , 315 , 315 , 0
2852 , 315 , 315 , 0
2853 , 315 , 315 , 0
2854 , 315 , 315 , 0
2855 , 315 , 315 , 0
2856 , 315 , 315 , 0
2857 , 315 , 315 , 0
2858 , 315 , 315 , 0
2859 , 315 , 315 , 0
2860 , 315 , 315 , 0
2861 , 315 , 315 , 0
2862 , 315 , 315 , 0
2863 , 315 , 315 , 0
2864 , 315 , 315 , 0
2865 , 315 , 315 , 0
2866 , 315 , 315 , 0
2867 , 315 , 315 , 0
2868 , 315 , 315 , 0
2869 , 315 , 315 , 0
2870 , 315 , 315 , 0
2871 , 315 , 315 , 0
2872 , 315 , 315 , 0
2873 , 315 , 315 , 0
2874 , 315 , 315 , 0
2875 , 315 , 315 , 0
2876 , 315 , 315 , 0
2877 , 315 , 315 , 0
2878 , 315 , 315 , 0
2879 , 315 , 315 , 0
2880 , 315 , 315 , 0
2881 , 315 , 315 , 0
2882 , 315 , 315 , 0
2883 , 315 , 315 , 0
2884 , 315 , 315 , 0
2885 , 315 , 315 , 0
2886 , 315 , 315 , 0
2887 , 315 , 315 , 0
2888 , 315 , 315 , 0
2889 , 315 , 315 , 0
2890 , 315 , 315 , 0
2891 , 315 , 315 , 0
2892 , 315 , 315 , 0
2893 , 315 , 315 , 0
2894 , 315 , 315 , 0
2895 , 315 , 315 , 0
2896 , 315 , 315 , 0
2897 , 315 , 315 , 0
2898 , 315 , 315 , 0
2899 , 315 , 315 , 0
2900 , 315 , 315 , 0
2901 , 315 , 315 , 0
2902 , 315 , 315 , 0
2903 , 315 , 315 , 0
2904 , 315 , 315 , 0
2905 , 315 , 315 , 0
2906 , 315 , 315 , 0
2907 , 315 , 315 , 0
2908 , 315 , 315 , 0
2909 , 315 , 315 , 0
2910 , 315 , 315 , 0
2911 , 315 , 315 , 0
2912 , 315 , 315 , 0
2913 , 315 , 315 , 0
2914 , 315 , 315 , 0
2915 , 315 , 315 , 0
2916 , 315 , 315 , 0
2917 , 315 , 315 , 0
2918 , 315 , 315 , 0
2919 , 315 , 315 , 0
2920 , 315 , 315 , 0
2921 , 315 , 315 , 0
2922 , 315 , 315 , 0
2923 , 315 , 315 , 0
2924 , 315 , 315 , 0
2925 , 315 , 315 , 0
2926 , 315 , 315 , 0
2927 , 315 , 315 , 0
2928 , 315 , 315 , 0
2929 , 315 , 315 , 0
2930 , 315 , 315 , 0
2931 , 315 , 315 , 0
2932 , 315 , 315 , 0
2933 , 315 , 315 , 0
2934 , 315 , 315 , 0
2935 , 315 , 315 , 0
2936 , 315 , 315 , 0
2937 , 315 , 315 , 0
2938 , 315 , 315 , 0
2939 , 315 , 315 , 0
2940 , 315 , 315 , 0
2941 , 315 , 315 , 0
2942 , 315 , 315 , 0
2943 , 315 , 315 , 0
2944 , 315 , 315 , 0
2945 , 315 , 315 , 0
2946 , 315 , 315 , 0
2947 , 315 , 315 , 0
2948 , 315 , 315 , 0
2949 , 315 , 315 , 0
2950 , 315 , 315 , 0
2951 , 315 , 315 , 0
2952 , 315 , 315 , 0
2953 , 315 , 315 , 0
2954 , 315 , 315 , 0
2955 , 315 , 315 , 0
2956 , 315 , 315 , 0
2957 , 315 , 315 , 0
2958 , 315 , 315 , 0
2959 , 315 , 315 , 0
2960 , 315 , 315 , 0
2961 , 315 , 315 , 0
2962 , 315 , 315 , 0
2963 , 315 , 315 , 0
2964 , 315 , 315 , 0
2965 , 315 , 315 , 0
2966 , 315 , 315 , 0
2967 , 315 , 315 , 0
2968 , 315 , 315 , 0
2969 , 315 , 315 , 0
2970 , 315 , 315 , 0
2971 , 315 , 315 , 0
2972 , 315 , 315 , 0
2973 , 315 , 315 , 0
2974 , 315 , 315 , 0
2975 , 315 , 315 , 0
2976 , 315 , 315 , 0
2977 , 315 , 315 , 0
2978 , 315 , 315 , 0
2979 , 315 , 315 , 0
2980 , 315 , 315 , 0
2981 , 315 , 315 , 0
2982 , 315 , 315 , 0
2983 , 315 , 315 , 0
2984 , 315 , 315 , 0
2985 , 315 , 315 , 0
2986 , 315 , 315 , 0
2987 , 315 , 315 , 0
2988 , 315 , 315 , 0
2989 , 315 , 315 , 0
2990 , 315 , 315 , 0
2991 , 315 , 315 , 0
2992 , 315 , 315 , 0
2993 , 315 , 315 , 0
2994 , 315 , 315 , 0
2995 , 315 , 315 , 0
2996 , 315 , 315 , 0
2997 , 315 , 315 , 0
2998 , 315 , 315 , 0
2999 , 315 , 315 , 0
3000 , 315 , 315 , 0
3001 , 315 , 315 , 0
3002 , 315 , 315 , 0
3003 , 315 , 315 , 0
3004 , 315 , 315 , 0
3005 , 315 , 315 , 0
3006 , 315 , 315 , 0
3007 , 315 , 315 , 0
3008 , 315 , 315 , 0
3009 , 315 , 315 , 0
3010 , 315 , 315 , 0
3011 , 315 , 315 , 0
3012 , 315 , 315 , 0
3013 , 315 , 315 , 0
3014 , 315 , 315 , 0
3015 , 315 , 315 , 0
3016 , 315 , 315 , 0
3017 , 315 , 315 , 0
3018 , 315 , 315 , 0
3019 , 315 , 315 , 0
3020 , 315 , 315 , 0
3021 , 315 , 315 , 0
3022 , 315 , 315 , 0
3023 , 315 , 315 , 0
3024 , 315 , 315 , 0
3025 , 315 , 315 , 0
3026 , 315 , 315 , 0
3027 , 315 , 315 , 0
3028 , 315 , 315 , 0
3029 , 315 , 315 , 0
3030 , 315 , 315 , 0
3031 , 315 , 315 , 0
3032 , 315 , 315 , 0
3033 , 315 , 315 , 0
3034 , 315 , 315 , 0
3035 , 315 , 315 , 0
3036 , 315 , 315 , 0
3037 , 315 , 315 , 0
3038 , 315 , 315 , 0
3039 , 315 , 315 , 0
3040 , 315 , 315 , 0
3041 , 315 , 315 , 0
3042 , 315 , 315 , 0
3043 , 315 , 315 , 0
3044 , 315 , 315 , 0
3045 , 315 , 315 , 0
3046 , 315 , 315 , 0
3047 , 315 , 315 , 0
3048 , 315 , 315 , 0
3049 , 315 , 315 , 0
3050 , 315 , 315 , 0
3051 , 1911 , 1911 , 0
3052 , 1911 , 315 , 1596
3053 , 1911 , 315 , 1596
3054 , 1911 , 1911 , 0
3055 , 1911 , 1911 , 0
3056 , 1911 , 1911 , 0
3057 , 1911 , 315 , 1596
3058 , 1911 , 1911 , 0
3059 , 1911 , 1911 , 0
3060 , 1911 , 1911 , 0
3061 , 1911 , 1911 , 0
3062 , 1911 , 1911 , 0
3063 , 1911 , 1911 , 0
3064 , 1911 , 1911 , 0
3065 , 1911 , 1911 , 0
3066 , 1911 , 1911 , 0
3067 , 1911 , 1911 , 0
3068 , 1911 , 1911 , 0
3069 , 1911 , 1911 , 0
3070 , 1911 , 1911 , 0
3071 , 1911 , 1911 , 0
3072 , 1911 , 1911 , 0
3073 , 1911 , 1911 , 0
3074 , 1911 , 1911 , 0
3075 , 1911 , 1911 , 0
3076 , 1911 , 315 , 1596
3077 , 1911 , 1911 , 0
3078 , 1911 , 1911 , 0
3079 , 1911 , 315 , 1596
3080 , 315 , 1911 , -1596
3081 , 1911 , 1911 , 0
3082 , 315 , 315 , 0
3083 , 315 , 315 , 0
3084 , 315 , 315 , 0
3085 , 315 , 315 , 0
3086 , 315 , 1911 , -1596
3087 , 1911 , 315 , 1596
3088 , 315 , 315 , 0
3089 , 315 , 315 , 0
3090 , 315 , 315 , 0
3091 , 315 , 315 , 0
3092 , 315 , 315 , 0
3093 , 315 , 315 , 0
3094 , 315 , 315 , 0
3095 , 315 , 315 , 0
3096 , 315 , 315 , 0
3097 , 315 , 315 , 0
3098 , 315 , 315 , 0
3099 , 315 , 315 , 0
3100 , 315 , 315 , 0
3101 , 315 , 315 , 0
3102 , 315 , 315 , 0
3103 , 315 , 315 , 0
3104 , 315 , 315 , 0
3105 , 315 , 315 , 0
3106 , 315 , 315 , 0
3107 , 315 , 315 , 0
3108 , 315 , 315 , 0
3109 , 315 , 315 , 0
3110 , 315 , 315 , 0
3111 , 315 , 315 , 0
3112 , 315 , 315 , 0
3113 , 315 , 315 , 0
3114 , 315 , 315 , 0
3115 , 315 , 315 , 0
3116 , 315 , 315 , 0
3117 , 315 , 315 , 0
3118 , 315 , 315 , 0
3119 , 315 , 315 , 0
3120 , 315 , 315 , 0
3121 , 315 , 315 , 0
3122 , 315 , 315 , 0
3123 , 315 , 315 , 0
3124 , 315 , 315 , 0
3125 , 315 , 315 , 0
3126 , 315 , 315 , 0
3127 , 315 , 315 , 0
3128 , 315 , 315 , 0
3129 , 315 , 315 , 0
3130 , 315 , 315 , 0
3131 , 315 , 315 , 0
3132 , 315 , 315 , 0
3133 , 315 , 315 , 0
3134 , 315 , 315 , 0
3135 , 315 , 315 , 0
3136 , 315 , 315 , 0
3137 , 315 , 315 , 0
3138 , 315 , 315 , 0
3139 , 315 , 315 , 0
3140 , 315 , 315 , 0
3141 , 315 , 315 , 0
3142 , 315 , 315 , 0
3143 , 315 , 315 , 0
3144 , 315 , 315 , 0
3145 , 315 , 315 , 0
3146 , 315 , 315 , 0
3147 , 315 , 315 , 0
3148 , 315 , 315 , 0
3149 , 315 , 315 , 0
3150 , 315 , 315 , 0
3151 , 315 , 315 , 0
3152 , 315 , 315 , 0
3153 , 315 , 315 , 0
3154 , 315 , 315 , 0
3155 , 315 , 315 , 0
3156 , 315 , 315 , 0
3157 , 315 , 315 , 0
3158 , 315 , 315 , 0
3159 , 315 , 315 , 0
3160 , 315 , 315 , 0
3161 , 315 , 315 , 0
3162 , 315 , 315 , 0
3163 , 315 , 315 , 0
3164 , 7754 , 7754 , 0
3165 , 7754 , 7754 , 0
3166 , 7754 , 7754 , 0
3167 , 7754 , 7754 , 0
3168 , 7754 , 7754 , 0
3169 , 7754 , 7754 , 0
3170 , 7754 , 7754 , 0
3171 , 7754 , 7754 , 0
3172 , 7754 , 7754 , 0
3173 , 7754 , 7754 , 0
3174 , 7754 , 7754 , 0
3175 , 7754 , 7754 , 0
3176 , 7754 , 7754 , 0
3177 , 7754 , 7754 , 0
3178 , 7754 , 7754 , 0
3179 , 7754 , 7754 , 0
3180 , 7754 , 7754 , 0
3181 , 7754 , 7754 , 0
3182 , 7754 , 7754 , 0
3183 , 7754 , 7754 , 0
3184 , 7754 , 7754 , 0
3185 , 7754 , 7754 , 0
3186 , 7754 , 7754 , 0
3187 , 7754 , 7754 , 0
3188 , 7754 , 7754 , 0
3189 , 7754 , 7754 , 0
3190 , 7754 , 7754 , 0
3191 , 7754 , 7754 , 0
3192 , 7754 , 7754 , 0
3193 , 7754 , 7754 , 0
3194 , 7754 , 7754 , 0
3195 , 7754 , 7754 , 0
3196 , 7754 , 7754 , 0
3197 , 315 , 7754 , -7439
3198 , 7754 , 7754 , 0
3199 , 7754 , 315 , 7439
3200 , 315 , 7754 , -7439
3201 , 7754 , 7754 , 0
3202 , 7754 , 7754 , 0
3203 , 7754 , 7754 , 0
3204 , 7754 , 7754 , 0
3205 , 7754 , 7754 , 0
3206 , 7754 , 7754 , 0
3207 , 7754 , 7754 , 0
3208 , 7754 , 7754 , 0
3209 , 7754 , 7754 , 0
3210 , 7754 , 315 , 7439
3211 , 7754 , 7754 , 0
3212 , 7754 , 7754 , 0
3213 , 315 , 7754 , -7439
3214 , 7754 , 315 , 7439
3215 , 315 , 315 , 0
3216 , 7754 , 315 , 7439
3217 , 315 , 315 , 0
3218 , 315 , 315 , 0
3219 , 315 , 7754 , -7439
3220 , 7754 , 315 , 7439
3221 , 315 , 315 , 0
3222 , 315 , 315 , 0
3223 , 315 , 315 , 0
3224 , 315 , 7754 , -7439
3225 , 7754 , 7754 , 0
3226 , 7754 , 315 , 7439
3227 , 7754 , 7752 , 2
3228 , 7752 , 7754 , -2
3229 , 7754 , 7754 , 0
3230 , 7754 , 7752 , 2
3231 , 7752 , 7752 , 0
3232 , 7754 , 7754 , 0
3233 , 7752 , 7752 , 0
3234 , 7754 , 7754 , 0
3235 , 7754 , 7754 , 0
3236 , 7754 , 7752 , 2
3237 , 7754 , 7754 , 0
3238 , 7754 , 7754 , 0
3239 , 7754 , 7754 , 0
3240 , 7754 , 7754 , 0
3241 , 7754 , 7754 , 0
3242 , 7754 , 7754 , 0
3243 , 7754 , 7754 , 0
3244 , 7754 , 7754 , 0
3245 , 7754 , 7754 , 0
3246 , 7754 , 7754 , 0
3247 , 7754 , 7754 , 0
3248 , 7754 , 7754 , 0
3249 , 7754 , 7754 , 0
3250 , 7754 , 7754 , 0
3251 , 9375 , 9375 , 0
3252 , 7754 , 7754 , 0
3253 , 7754 , 9375 , -1621
3254 , 9375 , 9375 , 0
3255 , 9375 , 9375 , 0
3256 , 9375 , 9375 , 0
3257 , 9375 , 7754 , 1621
3258 , 9375 , 9375 , 0
3259 , 9375 , 9375 , 0
3260 , 9375 , 9375 , 0
3261 , 9375 , 9375 , 0
3262 , 9375 , 9375 , 0
3263 , 9375 , 9375 , 0
3264 , 9375 , 7754 , 1621
3265 , 7754 , 9375 , -1621
3266 , 9375 , 7754 , 1621
3267 , 7754 , 7754 , 0
3268 , 7754 , 9375 , -1621
3269 , 7754 , 7754 , 0
3270 , 7754 , 7754 , 0
3271 , 7754 , 7754 , 0
3272 , 7754 , 7754 , 0
3273 , 7754 , 7754 , 0
3274 , 7754 , 7754 , 0
3275 , 7754 , 7754 , 0
3276 , 7754 , 7754 , 0
3277 , 7754 , 7754 , 0
3278 , 7754 , 7754 , 0
3279 , 7754 , 7754 , 0
3280 , 7754 , 7754 , 0
3281 , 7754 , 7754 , 0
3282 , 7754 , 7754 , 0
3283 , 7754 , 7754 , 0
3284 , 7754 , 7754 , 0
3285 , 7754 , 7754 , 0
3286 , 7754 , 7754 , 0
3287 , 7754 , 7754 , 0
3288 , 7754 , 7754 , 0
3289 , 7754 , 7754 , 0
3290 , 7754 , 7754 , 0
3291 , 7754 , 7754 , 0
3292 , 7754 , 7754 , 0
3293 , 7754 , 7754 , 0
3294 , 7754 , 7754 , 0
3295 , 7754 , 7754 , 0
3296 , 7754 , 7754 , 0
3297 , 7754 , 7754 , 0
3298 , 7754 , 7754 , 0
3299 , 7754 , 7754 , 0
3300 , 7754 , 7754 , 0
3301 , 7754 , 7754 , 0
3302 , 7754 , 7754 , 0
3303 , 7754 , 7754 , 0
3304 , 7754 , 7754 , 0
3305 , 7754 , 7754 , 0
3306 , 7754 , 7754 , 0
3307 , 7754 , 7754 , 0
3308 , 7754 , 7754 , 0
3309 , 7754 , 7754 , 0
3310 , 7754 , 7754 , 0
3311 , 7754 , 7754 , 0
3312 , 7754 , 7754 , 0
3313 , 7754 , 7754 , 0
3314 , 7754 , 7754 , 0
3315 , 7754 , 7754 , 0
3316 , 7754 , 7754 , 0
3317 , 7754 , 7754 , 0
3318 , 7754 , 7754 , 0
3319 , 7754 , 7754 , 0
3320 , 7754 , 7754 , 0
3321 , 7754 , 7754 , 0
3322 , 7754 , 7754 , 0
3323 , 7754 , 7754 , 0
3324 , 7754 , 7754 , 0
3325 , 7754 , 7754 , 0
3326 , 7754 , 7754 , 0
3327 , 7754 , 7754 , 0
3328 , 7754 , 7754 , 0
3329 , 7754 , 7754 , 0
3330 , 7754 , 7754 , 0
3331 , 7754 , 7754 , 0
3332 , 7754 , 7754 , 0
3333 , 7754 , 7754 , 0
3334 , 9375 , 9375 , 0
3335 , 9375 , 7754 , 1621
3336 , 9375 , 7754 , 1621
3337 , 7754 , 9375 , -1621
3338 , 9375 , 9375 , 0
3339 , 7754 , 7754 , 0
3340 , 9375 , 9375 , 0
3341 , 9375 , 9375 , 0
3342 , 9375 , 7754 , 1621
3343 , 9375 , 9375 , 0
3344 , 9375 , 9375 , 0
3345 , 9375 , 9375 , 0
3346 , 9375 , 9375 , 0
3347 , 9375 , 9375 , 0
3348 , 9375 , 9375 , 0
3349 , 9375 , 9375 , 0
3350 , 9375 , 9375 , 0
3351 , 9375 , 9375 , 0
3352 , 9375 , 9375 , 0
3353 , 9375 , 9375 , 0
3354 , 9375 , 9375 , 0
3355 , 9375 , 9375 , 0
3356 , 9375 , 9375 , 0
3357 , 9375 , 9375 , 0
3358 , 9375 , 9375 , 0
3359 , 9375 , 9375 , 0
3360 , 9375 , 9375 , 0
3361 , 9375 , 9375 , 0
3362 , 9375 , 9375 , 0
3363 , 9375 , 9375 , 0
3364 , 9375 , 9375 , 0
3365 , 9375 , 9375 , 0
3366 , 9375 , 9375 , 0
3367 , 9375 , 9375 , 0
3368 , 9375 , 9375 , 0
3369 , 9375 , 9375 , 0
3370 , 9375 , 9375 , 0
3371 , 9375 , 9375 , 0
3372 , 9375 , 9375 , 0
3373 , 9375 , 9375 , 0
3374 , 9375 , 9375 , 0
3375 , 9375 , 9375 , 0
3376 , 9375 , 9375 , 0
3377 , 9375 , 9375 , 0
3378 , 9375 , 9375 , 0
3379 , 9375 , 9375 , 0
3380 , 9375 , 7754 , 1621
3381 , 7754 , 9375 , -1621
3382 , 9375 , 9375 , 0
3383 , 7754 , 9375 , -1621
3384 , 9375 , 9375 , 0
3385 , 9375 , 9375 , 0
3386 , 9375 , 9375 , 0
3387 , 9375 , 9375 , 0
3388 , 9375 , 9375 , 0
3389 , 9375 , 9375 , 0
3390 , 9375 , 9375 , 0
3391 , 9375 , 9375 , 0
3392 , 9375 , 9375 , 0
3393 , 9375 , 9375 , 0
3394 , 9375 , 9375 , 0
3395 , 9375 , 9375 , 0
3396 , 9375 , 9375 , 0
3397 , 9375 , 9375 , 0
3398 , 9375 , 9375 , 0
3399 , 9375 , 9375 , 0
3400 , 9375 , 9375 , 0
3401 , 9375 , 9375 , 0
3402 , 9375 , 9375 , 0
3403 , 9375 , 9375 , 0
3404 , 9375 , 9375 , 0
3405 , 9375 , 9375 , 0
3406 , 9375 , 9375 , 0
3407 , 9375 , 9375 , 0
3408 , 9375 , 9375 , 0
3409 , 9375 , 9375 , 0
3410 , 9375 , 9375 , 0
3411 , 9375 , 9375 , 0
3412 , 9375 , 9375 , 0
3413 , 9375 , 9375 , 0
3414 , 9375 , 9375 , 0
3415 , 9375 , 9375 , 0
3416 , 9375 , 9375 , 0
3417 , 7754 , 9375 , -1621
3418 , 1911 , 9375 , -7464
3419 , 9375 , 1911 , 7464
3420 , 1911 , 9375 , -7464
3421 , 9375 , 9375 , 0
3422 , 1911 , 9375 , -7464
3423 , 9375 , 9375 , 0
3424 , 9375 , 1911 , 7464
3425 , 9375 , 9375 , 0
3426 , 9375 , 9375 , 0
3427 , 9375 , 9375 , 0
3428 , 9375 , 9375 , 0
3429 , 9375 , 9375 , 0
3430 , 9375 , 9375 , 0
3431 , 9375 , 9375 , 0
3432 , 9375 , 9375 , 0
3433 , 9375 , 9375 , 0
3434 , 9375 , 9375 , 0
3435 , 9375 , 9375 , 0
3436 , 9375 , 9375 , 0
3437 , 9375 , 9375 , 0
3438 , 9375 , 9375 , 0
3439 , 9375 , 9375 , 0
3440 , 9375 , 9375 , 0
3441 , 9375 , 9375 , 0
3442 , 9375 , 9375 , 0
3443 , 9375 , 9375 , 0
3444 , 9375 , 9375 , 0
3445 , 9375 , 9375 , 0
3446 , 9375 , 9375 , 0
3447 , 9375 , 9375 , 0
3448 , 9375 , 9375 , 0
3449 , 9375 , 9375 , 0
3450 , 9375 , 9375 , 0
3451 , 9375 , 9375 , 0
3452 , 9375 , 9375 , 0
3453 , 9375 , 9375 , 0
3454 , 9375 , 9375 , 0
3455 , 9375 , 9375 , 0
3456 , 9375 , 9375 , 0
3457 , 9375 , 9375 , 0
3458 , 9375 , 9375 , 0
3459 , 9375 , 9375 , 0
3460 , 9375 , 9375 , 0
3461 , 9375 , 9375 , 0
3462 , 9375 , 9375 , 0
3463 , 9375 , 9375 , 0
3464 , 9375 , 9375 , 0
3465 , 9375 , 9375 , 0
3466 , 9375 , 9373 , 2
3467 , 9373 , 9375 , -2
3468 , 9375 , 9375 , 0
3469 , 9373 , 9375 , -2
3470 , 9373 , 9373 , 0
3471 , 9373 , 9373 , 0
3472 , 9373 , 1909 , 7464
3473 , 1909 , 1909 , 0
3474 , 1909 , 1909 , 0
3475 , 1909 , 9373 , -7464
3476 , 1909 , 1909 , 0
3477 , 1909 , 1909 , 0
3478 , 1909 , 1909 , 0
3479 , 1909 , 1909 , 0
3480 , 1909 , 1909 , 0
3481 , 9373 , 9373 , 0
3482 , 9373 , 9373 , 0
3483 , 9373 , 9373 , 0
3484 , 9373 , 1909 , 7464
3485 , 1909 , 9373 , -7464
3486 , 9373 , 9373 , 0
3487 , 9373 , 1909 , 7464
3488 , 1909 , 1909 , 0
3489 , 1909 , 1909 , 0
3490 , 1909 , 1909 , 0
3491 , 1909 , 1909 , 0
3492 , 1909 , 1909 , 0
3493 , 1909 , 1909 , 0
3494 , 1909 , 1909 , 0
3495 , 1909 , 1909 , 0
3496 , 1909 , 1909 , 0
3497 , 1909 , 1909 , 0
3498 , 1909 , 1909 , 0
3499 , 1909 , 1909 , 0
3500 , 9373 , 9373 , 0
3501 , 9373 , 9373 , 0
3502 , 9373 , 1909 , 7464
3503 , 9373 , 9373 , 0
3504 , 9373 , 9373 , 0
3505 , 9373 , 1909 , 7464
3506 , 9373 , 9373 , 0
3507 , 9373 , 9373 , 0
3508 , 1909 , 1909 , 0
3509 , 1909 , 1909 , 0
3510 , 1909 , 1909 , 0
3511 , 1909 , 1909 , 0
3512 , 1909 , 1909 , 0
3513 , 1909 , 1909 , 0
3514 , 1909 , 1909 , 0
3515 , 9373 , 1909 , 7464
3516 , 1909 , 1909 , 0
3517 , 1909 , 1909 , 0
3518 , 1909 , 9373 , -7464
3519 , 1909 , 1909 , 0
3520 , 1909 , 1909 , 0
3521 , 1909 , 9373 , -7464
3522 , 9373 , 1909 , 7464
3523 , 1909 , 1909 , 0
3524 , 9373 , 9373 , 0
3525 , 9373 , 9373 , 0
3526 , 9373 , 9373 , 0
3527 , 9373 , 9373 , 0
3528 , 9373 , 9373 , 0
3529 , 9373 , 9373 , 0
3530 , 9373 , 9373 , 0
3531 , 9373 , 9373 , 0
3532 , 9373 , 9373 , 0
3533 , 9373 , 9373 , 0
3534 , 9373 , 9373 , 0
3535 , 9373 , 9373 , 0
3536 , 9373 , 9373 , 0
3537 , 9373 , 9373 , 0
3538 , 9373 , 9373 , 0
3539 , 9373 , 9373 , 0
3540 , 9373 , 9373 , 0
3541 , 9373 , 9373 , 0
3542 , 9373 , 9373 , 0
3543 , 9373 , 9373 , 0
3544 , 9373 , 9373 , 0
3545 , 9373 , 9373 , 0
3546 , 9373 , 9373 , 0
3547 , 9373 , 9373 , 0
3548 , 9373 , 9373 , 0
3549 , 9373 , 9373 , 0
3550 , 9373 , 9373 , 0
3551 , 9373 , 9373 , 0
3552 , 9373 , 9373 , 0
3553 , 9373 , 9373 , 0
3554 , 9373 , 9373 , 0
3555 , 9373 , 9373 , 0
3556 , 9373 , 9373 , 0
3557 , 9373 , 9373 , 0
3558 , 9373 , 9373 , 0
3559 , 9373 , 9373 , 0
3560 , 9373 , 9373 , 0
3561 , 9373 , 9373 , 0
3562 , 9373 , 9373 , 0
3563 , 9373 , 9373 , 0
3564 , 9373 , 9373 , 0
3565 , 9373 , 9373 , 0
3566 , 9373 , 9373 , 0
3567 , 9373 , 9373 , 0
3568 , 9373 , 9373 , 0
3569 , 9373 , 9373 , 0
3570 , 9373 , 9373 , 0
3571 , 9373 , 9373 , 0
3572 , 9373 , 9373 , 0
3573 , 9373 , 9373 , 0
3574 , 9373 , 9373 , 0
3575 , 9373 , 9373 , 0
3576 , 9373 , 9373 , 0
3577 , 9373 , 9373 , 0
3578 , 9373 , 9373 , 0
3579 , 9373 , 9373 , 0
3580 , 9373 , 9373 , 0
3581 , 9373 , 9373 , 0
3582 , 9373 , 9373 , 0
3583 , 9373 , 9373 , 0
3584 , 9373 , 9373 , 0
3585 , 9373 , 9373 , 0
3586 , 9373 , 9373 , 0
3587 , 9373 , 9373 , 0
3588 , 9373 , 9373 , 0
3589 , 9373 , 9373 , 0
3590 , 9373 , 9373 , 0
3591 , 9373 , 9373 , 0
3592 , 9373 , 9373 , 0
3593 , 9373 , 9373 , 0
3594 , 9373 , 9373 , 0
3595 , 9373 , 9373 , 0
3596 , 9373 , 9373 , 0
3597 , 9373 , 9373 , 0
3598 , 9373 , 9373 , 0
3599 , 9373 , 9373 , 0
3600 , 9373 , 9373 , 0
3601 , 9373 , 9373 , 0
3602 , 9373 , 9373 , 0
3603 , 9373 , 9373 , 0
3604 , 9373 , 9373 , 0
3605 , 9373 , 9373 , 0
3606 , 9373 , 9373 , 0
3607 , 9373 , 9373 , 0
3608 , 9373 , 9373 , 0
3609 , 9373 , 9373 , 0
3610 , 9373 , 9373 , 0
3611 , 9373 , 9373 , 0
3612 , 9373 , 9373 , 0
3613 , 9373 , 9373 , 0
3614 , 9373 , 9373 , 0
3615 , 9373 , 9373 , 0
3616 , 9373 , 9373 , 0
3617 , 9373 , 9373 , 0
3618 , 9373 , 9373 , 0
3619 , 9373 , 9373 , 0
3620 , 9373 , 9373 , 0
3621 , 9373 , 9373 , 0
3622 , 9373 , 9373 , 0
3623 , 9373 , 9373 , 0
3624 , 9373 , 9373 , 0
3625 , 9373 , 9373 , 0
3626 , 9373 , 9373 , 0
3627 , 9373 , 9373 , 0
3628 , 9373 , 9373 , 0
3629 , 9373 , 9373 , 0
3630 , 9373 , 9373 , 0
3631 , 9373 , 9373 , 0
3632 , 9373 , 9373 , 0
3633 , 9373 , 9373 , 0
3634 , 9373 , 9373 , 0
3635 , 9373 , 9373 , 0
3636 , 9373 , 9373 , 0
3637 , 9373 , 9373 , 0
3638 , 9373 , 9373 , 0
3639 , 9373 , 9373 , 0
3640 , 9373 , 9373 , 0
3641 , 9373 , 9373 , 0
3642 , 9373 , 9373 , 0
3643 , 9373 , 9373 , 0
3644 , 9373 , 9373 , 0
3645 , 9373 , 9373 , 0
3646 , 9373 , 9373 , 0
3647 , 9373 , 9373 , 0
3648 , 9373 , 9373 , 0
3649 , 9373 , 9373 , 0
3650 , 9373 , 9373 , 0
3651 , 9373 , 9373 , 0
3652 , 9373 , 9373 , 0
3653 , 9373 , 9373 , 0
3654 , 9373 , 9373 , 0
3655 , 9373 , 9373 , 0
3656 , 9373 , 9373 , 0
3657 , 9373 , 9373 , 0
3658 , 9373 , 9373 , 0
3659 , 9373 , 9373 , 0
3660 , 9373 , 9373 , 0
3661 , 9373 , 9373 , 0
3662 , 9373 , 9373 , 0
3663 , 9373 , 9373 , 0
3664 , 9373 , 9373 , 0
3665 , 9373 , 9373 , 0
3666 , 9373 , 9373 , 0
3667 , 9373 , 9373 , 0
3668 , 9373 , 9373 , 0
3669 , 9373 , 9373 , 0
3670 , 9373 , 9373 , 0
3671 , 9373 , 9373 , 0
3672 , 9373 , 9373 , 0
3673 , 9373 , 9373 , 0
3674 , 9373 , 9373 , 0
3675 , 9373 , 9373 , 0
3676 , 9373 , 9373 , 0
3677 , 9373 , 9373 , 0
3678 , 9373 , 9373 , 0
3679 , 9373 , 9373 , 0
3680 , 9373 , 9373 , 0
3681 , 9373 , 9373 , 0
3682 , 9373 , 9373 , 0
3683 , 9373 , 9373 , 0
3684 , 9373 , 9373 , 0
3685 , 9373 , 9373 , 0
3686 , 9373 , 9373 , 0
3687 , 9373 , 9373 , 0
3688 , 9373 , 9373 , 0
3689 , 9373 , 9373 , 0
3690 , 9373 , 9373 , 0
3691 , 9373 , 9373 , 0
3692 , 9373 , 9373 , 0
3693 , 9373 , 9373 , 0
3694 , 9373 , 9373 , 0
3695 , 9373 , 9373 , 0
3696 , 9373 , 9373 , 0
3697 , 9373 , 9373 , 0
3698 , 9373 , 9373 , 0
3699 , 9373 , 9373 , 0
3700 , 9373 , 9373 , 0
3701 , 9373 , 9373 , 0
3702 , 9373 , 9373 , 0
3703 , 9373 , 9373 , 0
3704 , 9373 , 9373 , 0
3705 , 9373 , 9373 , 0
3706 , 9373 , 9373 , 0
3707 , 9373 , 9373 , 0
3708 , 9373 , 9373 , 0
3709 , 9373 , 9373 , 0
3710 , 9373 , 9373 , 0
3711 , 9373 , 9373 , 0
3712 , 9373 , 9373 , 0
3713 , 9373 , 9373 , 0
3714 , 9373 , 9373 , 0
3715 , 9373 , 9373 , 0
3716 , 9373 , 9373 , 0
3717 , 9373 , 9373 , 0
3718 , 9373 , 9373 , 0
3719 , 9373 , 9373 , 0
3720 , 1909 , 9373 , -7464
3721 , 9373 , 9373 , 0
3722 , 1909 , 9373 , -7464
3723 , 9373 , 1909 , 7464
3724 , 1909 , 9373 , -7464
3725 , 9373 , 9373 , 0
3726 , 9373 , 9373 , 0
3727 , 9373 , 9373 , 0
3728 , 9373 , 9373 , 0
3729 , 9373 , 9373 , 0
3730 , 9373 , 9373 , 0
3731 , 9373 , 9373 , 0
3732 , 9373 , 9373 , 0
3733 , 9373 , 9373 , 0
3734 , 9373 , 9373 , 0
3735 , 9373 , 9373 , 0
3736 , 9373 , 9373 , 0
3737 , 9373 , 9373 , 0
3738 , 9373 , 9373 , 0
3739 , 9373 , 9373 , 0
3740 , 9373 , 9373 , 0
3741 , 9373 , 9373 , 0
3742 , 9373 , 9373 , 0
3743 , 9373 , 9373 , 0
3744 , 9373 , 9373 , 0
3745 , 9373 , 9373 , 0
3746 , 9373 , 9373 , 0
3747 , 9373 , 9373 , 0
3748 , 9373 , 9373 , 0
3749 , 9373 , 9373 , 0
3750 , 9373 , 9373 , 0
3751 , 9373 , 9373 , 0
3752 , 9373 , 9373 , 0
3753 , 9373 , 9373 , 0
3754 , 9373 , 9373 , 0
3755 , 9373 , 9373 , 0
3756 , 9373 , 9373 , 0
3757 , 9373 , 9373 , 0
3758 , 9373 , 9373 , 0
3759 , 9373 , 9373 , 0
3760 , 9373 , 9373 , 0
3761 , 9373 , 9373 , 0
3762 , 9373 , 9373 , 0
3763 , 9373 , 9373 , 0
3764 , 9373 , 9373 , 0
3765 , 9373 , 9373 , 0
3766 , 9373 , 9373 , 0
3767 , 9373 , 9373 , 0
3768 , 9373 , 9373 , 0
3769 , 9373 , 9373 , 0
3770 , 9373 , 9373 , 0
3771 , 9373 , 9373 , 0
3772 , 9373 , 9373 , 0
3773 , 9373 , 9373 , 0
3774 , 9373 , 9373 , 0
3775 , 9373 , 9373 , 0
3776 , 9373 , 9373 , 0
3777 , 9373 , 9373 , 0
3778 , 9373 , 9373 , 0
3779 , 9373 , 9373 , 0
3780 , 9373 , 9373 , 0
3781 , 9373 , 9373 , 0
3782 , 9373 , 9373 , 0
3783 , 9373 , 9373 , 0
3784 , 9373 , 9373 , 0
3785 , 9373 , 9373 , 0
3786 , 9373 , 9373 , 0
3787 , 9373 , 9373 , 0
3788 , 9373 , 9373 , 0
3789 , 9373 , 1909 , 7464
3790 , 1909 , 9373 , -7464
3791 , 9373 , 9373 , 0
3792 , 9373 , 9373 , 0
3793 , 1909 , 1909 , 0
3794 , 9373 , 1909 , 7464
3795 , 9373 , 1909 , 7464
3796 , 1909 , 9373 , -7464
3797 , 9373 , 9373 , 0
3798 , 1909 , 1909 , 0
3799 , 9373 , 1909 , 7464
3800 , 9373 , 9373 , 0
3801 , 1909 , 1909 , 0
3802 , 1909 , 1909 , 0
3803 , 1909 , 1909 , 0
3804 , 1909 , 1909 , 0
3805 , 1909 , 1909 , 0
3806 , 1909 , 1909 , 0
3807 , 1909 , 1909 , 0
3808 , 9373 , 1909 , 7464
3809 , 1909 , 1909 , 0
3810 , 1909 , 1909 , 0
3811 , 1909 , 1909 , 0
3812 , 1909 , 1909 , 0
3813 , 1909 , 1909 , 0
3814 , 1909 , 1909 , 0
3815 , 1909 , 1909 , 0
3816 , 1909 , 9373 , -7464
3817 , 9373 , 1909 , 7464
3818 , 1909 , 1909 , 0
3819 , 1909 , 1909 , 0
3820 , 1909 , 1909 , 0
3821 , 1909 , 1909 , 0
3822 , 1909 , 1909 , 0
3823 , 1909 , 1909 , 0
3824 , 1909 , 1909 , 0
3825 , 1909 , 1909 , 0
3826 , 1909 , 1909 , 0
3827 , 1909 , 1909 , 0
3828 , 1909 , 1909 , 0
3829 , 1909 , 1909 , 0
3830 , 1909 , 1909 , 0
3831 , 1909 , 1909 , 0
3832 , 1909 , 1909 , 0
3833 , 1909 , 1909 , 0
3834 , 1909 , 1909 , 0
3835 , 1909 , 1909 , 0
3836 , 1909 , 1909 , 0
3837 , 1909 , 1909 , 0
3838 , 1909 , 1909 , 0
3839 , 1909 , 1909 , 0
3840 , 1909 , 1909 , 0
3841 , 1909 , 1909 , 0
3842 , 1909 , 1909 , 0
3843 , 1909 , 1909 , 0
3844 , 1909 , 1909 , 0
3845 , 1909 , 1909 , 0
3846 , 1909 , 1909 , 0
3847 , 1909 , 1909 , 0
3848 , 1909 , 1909 , 0
3849 , 1909 , 1909 , 0
3850 , 1909 , 1909 , 0
3851 , 1909 , 1909 , 0
3852 , 1909 , 1909 , 0
3853 , 1909 , 1909 , 0
3854 , 1909 , 1909 , 0
3855 , 1909 , 1909 , 0
3856 , 1909 , 1909 , 0
3857 , 1909 , 1909 , 0
3858 , 1909 , 1909 , 0
3859 , 1909 , 1909 , 0
3860 , 1909 , 1909 , 0
3861 , 1909 , 1909 , 0
3862 , 1909 , 1909 , 0
3863 , 1909 , 1909 , 0
3864 , 1909 , 1909 , 0
3865 , 1909 , 1909 , 0
3866 , 1909 , 1909 , 0
3867 , 1909 , 1909 , 0
3868 , 1909 , 1909 , 0
3869 , 1909 , 1909 , 0
3870 , 1909 , 1909 , 0
3871 , 1909 , 1909 , 0
3872 , 1909 , 1909 , 0
3873 , 1909 , 1909 , 0
3874 , 1909 , 1909 , 0
3875 , 1909 , 1909 , 0
3876 , 1909 , 1909 , 0
3877 , 1909 , 1909 , 0
3878 , 1909 , 1909 , 0
3879 , 1909 , 1909 , 0
3880 , 1909 , 1909 , 0
3881 , 1909 , 1909 , 0
3882 , 1909 , 1909 , 0
3883 , 1909 , 1909 , 0
3884 , 1909 , 1909 , 0
3885 , 1909 , 1909 , 0
3886 , 1909 , 1909 , 0
3887 , 1909 , 1909 , 0
3888 , 1909 , 1909 , 0
3889 , 1909 , 1909 , 0
3890 , 1909 , 9373 , -7464
3891 , 1909 , 1909 , 0
3892 , 1909 , 1909 , 0
3893 , 1909 , 1909 , 0
3894 , 1909 , 1909 , 0
3895 , 1909 , 1909 , 0
3896 , 1909 , 1909 , 0
3897 , 1911 , 1909 , 2
3898 , 1909 , 1909 , 0
3899 , 1909 , 1911 , -2
3900 , 1909 , 1909 , 0
3901 , 1909 , 1909 , 0
3902 , 1911 , 1909 , 2
3903 , 1909 , 1909 , 0
3904 , 1911 , 1911 , 0
3905 , 1909 , 1909 , 0
3906 , 1909 , 1909 , 0
3907 , 1909 , 1911 , -2
3908 , 1909 , 1909 , 0
3909 , 1909 , 1909 , 0
3910 , 1909 , 1909 , 0
3911 , 1909 , 1909 , 0
3912 , 1909 , 1909 , 0
3913 , 1909 , 1909 , 0
3914 , 1909 , 1909 , 0
3915 , 1909 , 1909 , 0
3916 , 1909 , 1909 , 0
3917 , 1909 , 1909 , 0
3918 , 1909 , 1909 , 0
3919 , 1909 , 1909 , 0
3920 , 1909 , 1909 , 0
3921 , 1911 , 1909 , 2
3922 , 1909 , 1909 , 0
3923 , 1909 , 1911 , -2
3924 , 1911 , 1909 , 2
3925 , 1909 , 1909 , 0
3926 , 1909 , 1909 , 0
3927 , 1909 , 1909 , 0
3928 , 1909 , 1911 , -2
3929 , 1909 , 1909 , 0
3930 , 1909 , 1909 , 0
3931 , 1909 , 1909 , 0
3932 , 1909 , 1909 , 0
3933 , 1909 , 1911 , -2
3934 , 1909 , 1909 , 0
3935 , 1909 , 1909 , 0
3936 , 1911 , 1909 , 2
3937 , 1909 , 1909 , 0
3938 , 1911 , 1911 , 0
3939 , 1909 , 1911 , -2
3940 , 1911 , 1909 , 2
3941 , 1909 , 1911 , -2
3942 , 1911 , 1911 , 0
3943 , 1911 , 1909 , 2
3944 , 1909 , 1909 , 0
3945 , 1909 , 1911 , -2
3946 , 1911 , 1909 , 2
3947 , 1909 , 1909 , 0
3948 , 1909 , 1909 , 0
3949 , 1909 , 1909 , 0
3950 , 1909 , 1909 , 0
3951 , 1909 , 1909 , 0
3952 , 1909 , 1909 , 0
3953 , 1909 , 1909 , 0
3954 , 1909 , 1909 , 0
3955 , 1909 , 1909 , 0
3956 , 1909 , 1909 , 0
3957 , 1909 , 1909 , 0
3958 , 1909 , 1909 , 0
3959 , 1909 , 1909 , 0
3960 , 1909 , 1909 , 0
3961 , 1909 , 1909 , 0
3962 , 1909 , 1909 , 0
3963 , 1909 , 1909 , 0
3964 , 1909 , 1909 , 0
3965 , 1909 , 1909 , 0
3966 , 1909 , 1909 , 0
3967 , 1909 , 1909 , 0
3968 , 1909 , 1909 , 0
3969 , 1909 , 1909 , 0
3970 , 1909 , 1909 , 0
3971 , 1909 , 1909 , 0
3972 , 1909 , 1909 , 0
3973 , 1909 , 1909 , 0
3974 , 1909 , 1909 , 0
3975 , 1909 , 1909 , 0
3976 , 1909 , 1909 , 0
3977 , 1909 , 1909 , 0
3978 , 1909 , 1909 , 0
3979 , 1909 , 1909 , 0
3980 , 1909 , 1909 , 0
3981 , 1909 , 1909 , 0
3982 , 1909 , 1909 , 0
3983 , 1909 , 1909 , 0
3984 , 1909 , 1909 , 0
3985 , 1909 , 1909 , 0
3986 , 1909 , 1909 , 0
3987 , 1909 , 1909 , 0
3988 , 1909 , 1909 , 0
3989 , 1909 , 1909 , 0
3990 , 1909 , 1909 , 0
3991 , 1909 , 1909 , 0
3992 , 1909 , 1909 , 0
3993 , 1909 , 1909 , 0
3994 , 1909 , 1909 , 0
3995 , 1909 , 1909 , 0
3996 , 1909 , 1909 , 0
3997 , 1909 , 1909 , 0
3998 , 1909 , 1909 , 0
3999 , 1909 , 1909 , 0
4000 , 1909 , 1909 , 0
4001 , 1909 , 1909 , 0
4002 , 1909 , 1909 , 0
4003 , 1909 , 1909 , 0
4004 , 1909 , 1909 , 0
4005 , 1909 , 1909 , 0
4006 , 1909 , 1909 , 0
4007 , 1909 , 1909 , 0
4008 , 1909 , 1909 , 0
4009 , 1909 , 1909 , 0
4010 , 1909 , 1909 , 0
4011 , 1909 , 1909 , 0
4012 , 1909 , 1909 , 0
4013 , 1909 , 1909 , 0
4014 , 1909 , 1909 , 0
4015 , 1909 , 1909 , 0
4016 , 1909 , 1909 , 0
4017 , 1909 , 1909 , 0
4018 , 1909 , 1909 , 0
4019 , 1909 , 1909 , 0
4020 , 1909 , 1909 , 0
4021 , 1909 , 1909 , 0
4022 , 1909 , 1909 , 0
4023 , 1909 , 1909 , 0
4024 , 1909 , 1909 , 0
4025 , 1909 , 1909 , 0
4026 , 1909 , 1909 , 0
4027 , 1909 , 1909 , 0
4028 , 1909 , 1909 , 0
4029 , 1909 , 1909 , 0
4030 , 1909 , 1909 , 0
4031 , 1909 , 1909 , 0
4032 , 1909 , 1909 , 0
4033 , 1909 , 1909 , 0
4034 , 1911 , 1911 , 0
4035 , 1911 , 1911 , 0
4036 , 1911 , 1911 , 0
4037 , 1911 , 1911 , 0
4038 , 1911 , 1911 , 0
4039 , 1911 , 1911 , 0
4040 , 1911 , 1911 , 0
4041 , 1911 , 1911 , 0
4042 , 1911 , 1911 , 0
4043 , 1911 , 1911 , 0
4044 , 1911 , 1911 , 0
4045 , 1911 , 1911 , 0
4046 , 1911 , 1911 , 0
4047 , 1911 , 1911 , 0
4048 , 1911 , 1911 , 0
4049 , 1911 , 1911 , 0
4050 , 1911 , 1911 , 0
4051 , 1911 , 1911 , 0
4052 , 1911 , 1911 , 0
4053 , 1911 , 1911 , 0
4054 , 1911 , 1911 , 0
4055 , 1911 , 1911 , 0
4056 , 1911 , 1911 , 0
4057 , 1911 , 1911 , 0
4058 , 1911 , 1911 , 0
4059 , 1911 , 1911 , 0
4060 , 1911 , 1911 , 0
4061 , 1911 , 1911 , 0
4062 , 1911 , 1911 , 0
4063 , 1911 , 1911 , 0
4064 , 1911 , 1911 , 0
4065 , 1911 , 1911 , 0
4066 , 1911 , 1911 , 0
4067 , 1911 , 1911 , 0
4068 , 1911 , 1911 , 0
4069 , 1911 , 1911 , 0
4070 , 1911 , 1911 , 0
4071 , 1911 , 1911 , 0
4072 , 1911 , 1911 , 0
4073 , 1911 , 1911 , 0
4074 , 1911 , 1911 , 0
4075 , 1911 , 1911 , 0
4076 , 1911 , 1911 , 0
4077 , 1911 , 1911 , 0
4078 , 1911 , 1911 , 0
4079 , 1911 , 1911 , 0
4080 , 1911 , 1911 , 0
4081 , 1911 , 1911 , 0
4082 , 1911 , 1911 , 0
4083 , 1911 , 1911 , 0
4084 , 1911 , 1911 , 0
4085 , 1911 , 1911 , 0
4086 , 1911 , 1911 , 0
4087 , 1911 , 1911 , 0
4088 , 1911 , 1911 , 0
4089 , 1911 , 1911 , 0
4090 , 1911 , 1911 , 0
4091 , 1911 , 1911 , 0
4092 , 1911 , 1911 , 0
4093 , 1911 , 1911 , 0
4094 , 1911 , 1911 , 0
4095 , 1911 , 1911 , 0
4096 , 1911 , 1911 , 0
4097 , 1911 , 1911 , 0
4098 , 1911 , 1911 , 0
4099 , 1911 , 1911 , 0
4100 , 1911 , 1911 , 0
4101 , 1911 , 1911 , 0
4102 , 1911 , 1911 , 0
4103 , 1911 , 1911 , 0
4104 , 1911 , 1911 , 0
4105 , 1911 , 1911 , 0
4106 , 1911 , 1911 , 0
4107 , 1911 , 1911 , 0
4108 , 1911 , 1911 , 0
4109 , 1911 , 1911 , 0
4110 , 1911 , 1911 , 0
4111 , 1911 , 1911 , 0
4112 , 1911 , 1911 , 0
4113 , 1909 , 1911 , -2
4114 , 1909 , 1909 , 0
4115 , 1909 , 1911 , -2
4116 , 1911 , 1909 , 2
4117 , 1909 , 1909 , 0
4118 , 1911 , 1911 , 0
4119 , 1911 , 1911 , 0
4120 , 1911 , 1911 , 0
4121 , 1911 , 1911 , 0
4122 , 1911 , 1911 , 0
4123 , 1911 , 1911 , 0
4124 , 1911 , 1911 , 0
4125 , 1911 , 1911 , 0
4126 , 1911 , 1911 , 0
4127 , 1911 , 1911 , 0
4128 , 1911 , 1911 , 0
4129 , 1911 , 1911 , 0
4130 , 1911 , 1911 , 0
4131 , 1911 , 1911 , 0
4132 , 1911 , 1911 , 0
4133 , 1911 , 1911 , 0
4134 , 1911 , 1911 , 0
4135 , 1911 , 1911 , 0
4136 , 1911 , 1911 , 0
4137 , 1911 , 1911 , 0
4138 , 1911 , 1911 , 0
4139 , 1911 , 1911 , 0
4140 , 1911 , 1911 , 0
4141 , 1911 , 1911 , 0
4142 , 1911 , 1911 , 0
4143 , 1911 , 1911 , 0
4144 , 1911 , 1911 , 0
4145 , 1911 , 1911 , 0
4146 , 1911 , 1911 , 0
4147 , 1911 , 1911 , 0
4148 , 1911 , 1911 , 0
4149 , 1911 , 1911 , 0
4150 , 1911 , 1911 , 0
4151 , 1911 , 1911 , 0
4152 , 1911 , 1911 , 0
4153 , 1909 , 1909 , 0
4154 , 1909 , 1911 , -2
4155 , 1911 , 1909 , 2
4156 , 1909 , 1909 , 0
4157 , 1909 , 1909 , 0
4158 , 1909 , 1909 , 0
4159 , 1909 , 1909 , 0
4160 , 1909 , 1909 , 0
4161 , 1909 , 1909 , 0
4162 , 1909 , 1909 , 0
4163 , 1909 , 1909 , 0
4164 , 1909 , 1909 , 0
4165 , 1909 , 1909 , 0
4166 , 1909 , 1911 , -2
4167 , 1909 , 1909 , 0
4168 , 1909 , 1909 , 0
4169 , 1909 , 1909 , 0
4170 , 1909 , 1909 , 0
4171 , 1909 , 1909 , 0
4172 , 1909 , 1909 , 0
4173 , 1909 , 1909 , 0
4174 , 1909 , 1909 , 0
4175 , 1909 , 1909 , 0
4176 , 1909 , 1909 , 0
4177 , 1909 , 1909 , 0
4178 , 1909 , 1909 , 0
4179 , 1909 , 1909 , 0
4180 , 1909 , 1909 , 0
4181 , 1909 , 1909 , 0
4182 , 1909 , 1909 , 0
4183 , 1909 , 1909 , 0
4184 , 1909 , 1909 , 0
4185 , 1909 , 1909 , 0
4186 , 1909 , 1909 , 0
4187 , 1909 , 1909 , 0
4188 , 1909 , 1909 , 0
4189 , 1909 , 1909 , 0
4190 , 1909 , 1909 , 0
4191 , 1909 , 1909 , 0
4192 , 1909 , 1909 , 0
4193 , 1909 , 1909 , 0
4194 , 1909 , 1909 , 0
4195 , 1909 , 1909 , 0
4196 , 1909 , 1909 , 0
4197 , 1909 , 1909 , 0
4198 , 1909 , 1909 , 0
4199 , 1909 , 1909 , 0
4200 , 1909 , 1909 , 0
4201 , 1909 , 1909 , 0
4202 , 1909 , 1909 , 0
4203 , 1909 , 1909 , 0
4204 , 1909 , 1909 , 0
4205 , 1909 , 1909 , 0
4206 , 1909 , 1909 , 0
4207 , 1909 , 1909 , 0
4208 , 1909 , 1909 , 0
4209 , 1909 , 1909 , 0
4210 , 1909 , 1909 , 0
4211 , 1909 , 1909 , 0
4212 , 1909 , 1909 , 0
4213 , 1909 , 1909 , 0
4214 , 1909 , 1909 , 0
4215 , 1909 , 1909 , 0
4216 , 1909 , 1909 , 0
4217 , 1909 , 1909 , 0
4218 , 1909 , 1909 , 0
4219 , 1909 , 1909 , 0
4220 , 1909 , 1909 , 0
4221 , 1909 , 1909 , 0
4222 , 1909 , 1909 , 0
4223 , 1909 , 1909 , 0
4224 , 1909 , 1909 , 0
4225 , 1909 , 1909 , 0
4226 , 1909 , 1909 , 0
4227 , 1909 , 1909 , 0
4228 , 1909 , 1909 , 0
4229 , 1909 , 1909 , 0
4230 , 1909 , 1909 , 0
4231 , 1909 , 1909 , 0
4232 , 1909 , 1909 , 0
4233 , 1909 , 1909 , 0
4234 , 1909 , 1909 , 0
4235 , 1909 , 1909 , 0
4236 , 1909 , 1909 , 0
4237 , 1909 , 1909 , 0
4238 , 1909 , 1909 , 0
4239 , 1909 , 1909 , 0
4240 , 1909 , 1909 , 0
4241 , 1909 , 1909 , 0
4242 , 1909 , 1909 , 0
4243 , 1909 , 1909 , 0
4244 , 1909 , 1909 , 0
4245 , 1909 , 1909 , 0
4246 , 1909 , 1909 , 0
4247 , 1909 , 1909 , 0
4248 , 1909 , 1909 , 0
4249 , 1909 , 1909 , 0
4250 , 1909 , 1909 , 0
4251 , 1909 , 1909 , 0
4252 , 1909 , 1909 , 0
4253 , 1909 , 1909 , 0
4254 , 1909 , 1909 , 0
4255 , 1909 , 1909 , 0
4256 , 1909 , 1909 , 0
4257 , 1909 , 1909 , 0
4258 , 1909 , 1909 , 0
4259 , 1909 , 1909 , 0
4260 , 1909 , 1909 , 0
4261 , 1909 , 1909 , 0
4262 , 1909 , 1909 , 0
4263 , 1909 , 1909 , 0
4264 , 1909 , 1909 , 0
4265 , 1909 , 1909 , 0
4266 , 1909 , 1909 , 0
4267 , 1909 , 1909 , 0
4268 , 1909 , 1909 , 0
4269 , 1909 , 1909 , 0
4270 , 1909 , 1909 , 0
4271 , 1909 , 1909 , 0
4272 , 1909 , 1909 , 0
4273 , 1909 , 1909 , 0
4274 , 1909 , 1909 , 0
4275 , 1909 , 1909 , 0
4276 , 1909 , 1909 , 0
4277 , 1909 , 1909 , 0
4278 , 1909 , 1909 , 0
4279 , 1909 , 1909 , 0
4280 , 1909 , 1909 , 0
4281 , 1909 , 1909 , 0
4282 , 1909 , 1909 , 0
4283 , 1909 , 1909 , 0
4284 , 1909 , 1909 , 0
4285 , 1909 , 1909 , 0
4286 , 1909 , 1909 , 0
4287 , 1909 , 1909 , 0
4288 , 1909 , 1909 , 0
4289 , 1909 , 1909 , 0
4290 , 1909 , 1909 , 0
4291 , 1909 , 1909 , 0
4292 , 1909 , 1909 , 0
4293 , 1909 , 1909 , 0
4294 , 1909 , 1909 , 0
4295 , 1909 , 1909 , 0
4296 , 1909 , 1909 , 0
4297 , 1909 , 1909 , 0
4298 , 1909 , 1909 , 0
4299 , 1909 , 1909 , 0
4300 , 1909 , 1909 , 0
4301 , 1909 , 1909 , 0
4302 , 1909 , 1909 , 0
4303 , 1909 , 1909 , 0
4304 , 1909 , 1909 , 0
4305 , 1909 , 1909 , 0
4306 , 1909 , 1909 , 0
4307 , 1909 , 1909 , 0
4308 , 1909 , 1909 , 0
4309 , 1909 , 1909 , 0
4310 , 1909 , 1909 , 0
4311 , 1909 , 1909 , 0
4312 , 1909 , 1909 , 0
4313 , 1909 , 1909 , 0
4314 , 1909 , 1909 , 0
4315 , 1909 , 1909 , 0
4316 , 1909 , 1909 , 0
4317 , 1909 , 1909 , 0
4318 , 1909 , 1909 , 0
4319 , 1909 , 1909 , 0
4320 , 1909 , 1909 , 0
4321 , 1909 , 1909 , 0
4322 , 1909 , 1909 , 0
4323 , 1909 , 1909 , 0
4324 , 1909 , 1909 , 0
4325 , 1909 , 1909 , 0
4326 , 1909 , 1909 , 0
4327 , 1909 , 1909 , 0
4328 , 1909 , 1909 , 0
4329 , 1909 , 1909 , 0
4330 , 1909 , 1909 , 0
4331 , 1909 , 1909 , 0
4332 , 1909 , 1909 , 0
4333 , 1909 , 1909 , 0
4334 , 1909 , 1909 , 0
4335 , 1909 , 1909 , 0
4336 , 1909 , 1909 , 0
4337 , 1909 , 1909 , 0
4338 , 1909 , 1909 , 0
4339 , 1909 , 1911 , -2
4340 , 1911 , 1911 , 0
4341 , 1909 , 1909 , 0
4342 , 1911 , 1911 , 0
4343 , 1911 , 1911 , 0
4344 , 1911 , 1911 , 0
4345 , 1911 , 1911 , 0
4346 , 1911 , 1909 , 2
4347 , 1911 , 1911 , 0
4348 , 1911 , 1911 , 0
4349 , 1911 , 1911 , 0
4350 , 1911 , 1909 , 2
4351 , 1909 , 1909 , 0
4352 , 1909 , 1911 , -2
4353 , 1911 , 1911 , 0
4354 , 1911 , 1909 , 2
4355 , 1911 , 1909 , 2
4356 , 1911 , 1911 , 0
4357 , 1911 , 1911 , 0
4358 , 1911 , 1911 , 0
4359 , 1911 , 1911 , 0
4360 , 1911 , 1911 , 0
4361 , 1911 , 1911 , 0
4362 , 1909 , 1911 , -2
4363 , 1911 , 1909 , 2
4364 , 1909 , 1909 , 0
4365 , 1909 , 1909 , 0
4366 , 1909 , 1909 , 0
4367 , 1909 , 1909 , 0
4368 , 1909 , 1909 , 0
4369 , 1909 , 1909 , 0
4370 , 1909 , 1909 , 0
4371 , 1909 , 1909 , 0
4372 , 1909 , 1909 , 0
4373 , 1909 , 1909 , 0
4374 , 1909 , 1909 , 0
4375 , 1909 , 1909 , 0
4376 , 1909 , 1909 , 0
4377 , 1909 , 1909 , 0
4378 , 1909 , 1909 , 0
4379 , 1909 , 1909 , 0
4380 , 1909 , 1909 , 0
4381 , 1909 , 1909 , 0
4382 , 1909 , 1909 , 0
4383 , 1909 , 1909 , 0
4384 , 1909 , 1909 , 0
4385 , 1909 , 1909 , 0
4386 , 1909 , 1909 , 0
4387 , 1909 , 1909 , 0
4388 , 1909 , 1909 , 0
4389 , 1909 , 1909 , 0
4390 , 1909 , 1909 , 0
4391 , 1909 , 1909 , 0
4392 , 1909 , 1909 , 0
4393 , 1909 , 1909 , 0
4394 , 1909 , 1909 , 0
4395 , 1909 , 1909 , 0
4396 , 1909 , 1909 , 0
4397 , 1909 , 1909 , 0
4398 , 1909 , 1909 , 0
4399 , 1909 , 1909 , 0
4400 , 1909 , 1909 , 0
4401 , 1909 , 1909 , 0
4402 , 1909 , 1909 , 0
4403 , 1909 , 1909 , 0
4404 , 1909 , 1909 , 0
4405 , 1909 , 1909 , 0
4406 , 1909 , 1909 , 0
4407 , 1909 , 1909 , 0
4408 , 1909 , 1909 , 0
4409 , 1909 , 1909 , 0
4410 , 1909 , 1909 , 0
4411 , 1909 , 1909 , 0
4412 , 1909 , 1909 , 0
4413 , 1909 , 1909 , 0
4414 , 1909 , 1909 , 0
4415 , 1909 , 1909 , 0
4416 , 1909 , 1909 , 0
4417 , 1909 , 1909 , 0
4418 , 1909 , 1909 , 0
4419 , 1909 , 1909 , 0
4420 , 1909 , 1909 , 0
4421 , 1909 , 1909 , 0
4422 , 1909 , 1909 , 0
4423 , 1909 , 1909 , 0
4424 , 1909 , 1909 , 0
4425 , 1909 , 1909 , 0
4426 , 1909 , 1909 , 0
4427 , 1909 , 1909 , 0
4428 , 1909 , 1909 , 0
4429 , 1909 , 1909 , 0
4430 , 1909 , 1909 , 0
4431 , 1909 , 1909 , 0
4432 , 1909 , 1909 , 0
4433 , 1909 , 1909 , 0
4434 , 1909 , 1909 , 0
4435 , 1909 , 1909 , 0
4436 , 1909 , 1909 , 0
4437 , 1909 , 1909 , 0
4438 , 1909 , 1909 , 0
4439 , 1911 , 1909 , 2
4440 , 1909 , 1911 , -2
4441 , 1911 , 1911 , 0
4442 , 1911 , 1911 , 0
4443 , 1911 , 1911 , 0
4444 , 1911 , 1911 , 0
4445 , 1911 , 1911 , 0
4446 , 1911 , 1911 , 0
4447 , 1911 , 1911 , 0
4448 , 1911 , 1909 , 2
4449 , 1909 , 1911 , -2
4450 , 1911 , 1911 , 0
4451 , 1909 , 1909 , 0
4452 , 1911 , 1911 , 0
4453 , 1911 , 1911 , 0
4454 , 1911 , 1909 , 2
4455 , 1911 , 1911 , 0
4456 , 1911 , 1911 , 0
4457 , 1911 , 1911 , 0
4458 , 1911 , 1911 , 0
4459 , 1911 , 1911 , 0
4460 , 1911 , 1911 , 0
4461 , 1911 , 1911 , 0
4462 , 1911 , 1911 , 0
4463 , 1911 , 1911 , 0
4464 , 1911 , 1911 , 0
4465 , 1911 , 1911 , 0
4466 , 1911 , 1911 , 0
4467 , 1911 , 1911 , 0
4468 , 1911 , 1911 , 0
4469 , 1911 , 1911 , 0
4470 , 1911 , 1911 , 0
4471 , 1911 , 1911 , 0
4472 , 1911 , 1911 , 0
4473 , 1911 , 1911 , 0
4474 , 1911 , 1911 , 0
4475 , 1911 , 1911 , 0
4476 , 1911 , 1911 , 0
4477 , 1911 , 1911 , 0
4478 , 1911 , 1911 , 0
4479 , 1911 , 1911 , 0
4480 , 1911 , 1911 , 0
4481 , 1911 , 1911 , 0
4482 , 1911 , 1911 , 0
4483 , 315 , 1911 , -1596
4484 , 1911 , 1911 , 0
4485 , 1911 , 1911 , 0
4486 , 1911 , 1911 , 0
4487 , 1911 , 1911 , 0
4488 , 1911 , 1911 , 0
4489 , 1909 , 315 , 1594
4490 , 315 , 315 , 0
4491 , 1909 , 1909 , 0
4492 , 1911 , 1911 , 0
4493 , 1911 , 314 , 1597
4494 , 1909 , 1911 , -2
4495 , 1911 , 1911 , 0
4496 , 1911 , 1909 , 2
4497 , 1909 , 1911 , -2
4498 , 1911 , 1911 , 0
4499 , 1911 , 1911 , 0
4500 , 1911 , 1911 , 0
4501 , 1911 , 1911 , 0
4502 , 1911 , 315 , 1596
4503 , 315 , 1911 , -1596
4504 , 1911 , 1911 , 0
4505 , 315 , 1911 , -1596
4506 , 315 , 315 , 0
4507 , 315 , 315 , 0
4508 , 315 , 315 , 0
4509 , 315 , 1911 , -1596
4510 , 1911 , 315 , 1596
4511 , 315 , 315 , 0
4512 , 315 , 315 , 0
4513 , 315 , 1911 , -1596
4514 , 1911 , 315 , 1596
4515 , 315 , 315 , 0
4516 , 315 , 315 , 0
4517 , 315 , 315 , 0
4518 , 315 , 1911 , -1596
4519 , 315 , 315 , 0
4520 , 315 , 315 , 0
4521 , 315 , 315 , 0
4522 , 315 , 315 , 0
4523 , 315 , 314 , 1
4524 , 314 , 315 , -1
4525 , 315 , 314 , 1
4526 , 314 , 314 , 0
4527 , 314 , 314 , 0
4528 , 314 , 314 , 0
4529 , 314 , 314 , 0
4530 , 314 , 314 , 0
4531 , 314 , 314 , 0
4532 , 314 , 314 , 0
4533 , 314 , 314 , 0
4534 , 314 , 314 , 0
4535 , 314 , 314 , 0
4536 , 314 , 314 , 0
4537 , 314 , 314 , 0
4538 , 314 , 314 , 0
4539 , 314 , 314 , 0
4540 , 314 , 314 , 0
4541 , 314 , 314 , 0
4542 , 314 , 314 , 0
4543 , 314 , 314 , 0
4544 , 314 , 314 , 0
4545 , 314 , 314 , 0
4546 , 314 , 314 , 0
4547 , 314 , 314 , 0
4548 , 314 , 314 , 0
4549 , 314 , 314 , 0
4550 , 314 , 314 , 0
4551 , 314 , 314 , 0
4552 , 314 , 314 , 0
4553 , 314 , 314 , 0
4554 , 314 , 314 , 0
4555 , 314 , 314 , 0
4556 , 314 , 314 , 0
4557 , 314 , 314 , 0
4558 , 314 , 314 , 0
4559 , 314 , 314 , 0
4560 , 314 , 314 , 0
4561 , 314 , 314 , 0
4562 , 314 , 314 , 0
4563 , 314 , 314 , 0
4564 , 314 , 3701 , -3387
4565 , 314 , 314 , 0
4566 , 314 , 314 , 0
4567 , 314 , 314 , 0
4568 , 314 , 3701 , -3387
4569 , 3701 , 314 , 3387
4570 , 314 , 314 , 0
4571 , 3701 , 314 , 3387
4572 , 3701 , 3701 , 0
4573 , 3701 , 3701 , 0
4574 , 3701 , 3701 , 0
4575 , 3701 , 3701 , 0
4576 , 3701 , 3701 , 0
4577 , 3701 , 3701 , 0
4578 , 3701 , 3701 , 0
4579 , 3701 , 3701 , 0
4580 , 3701 , 3701 , 0
4581 , 3701 , 3701 , 0
4582 , 3701 , 3701 , 0
4583 , 3701 , 3701 , 0
4584 , 314 , 3701 , -3387
4585 , 3701 , 314 , 3387
4586 , 314 , 314 , 0
4587 , 314 , 3701 , -3387
4588 , 3701 , 3701 , 0
4589 , 3701 , 314 , 3387
4590 , 3701 , 3701 , 0
4591 , 3701 , 3701 , 0
4592 , 3701 , 3701 , 0
4593 , 3701 , 314 , 3387
4594 , 314 , 3701 , -3387
4595 , 3701 , 3701 , 0
4596 , 3701 , 3701 , 0
4597 , 3701 , 3701 , 0
4598 , 3701 , 314 , 3387
4599 , 3701 , 3701 , 0
4600 , 3701 , 3701 , 0
4601 , 3701 , 3701 , 0
4602 , 314 , 314 , 0
4603 , 314 , 314 , 0
4604 , 314 , 314 , 0
4605 , 314 , 314 , 0
4606 , 314 , 314 , 0
4607 , 314 , 314 , 0
4608 , 314 , 314 , 0
4609 , 314 , 314 , 0
4610 , 314 , 314 , 0
4611 , 314 , 314 , 0
4612 , 314 , 314 , 0
4613 , 314 , 314 , 0
4614 , 314 , 314 , 0
4615 , 314 , 314 , 0
4616 , 314 , 314 , 0
4617 , 314 , 314 , 0
4618 , 314 , 314 , 0
4619 , 314 , 3701 , -3387
4620 , 3701 , 3701 , 0
4621 , 314 , 314 , 0
4622 , 314 , 314 , 0
4623 , 3701 , 314 , 3387
4624 , 1909 , 314 , 1595
4625 , 3701 , 314 , 3387
4626 , 1909 , 3701 , -1792
4627 , 3701 , 5779 , -2078
4628 , 1909 , 1909 , 0
4629 , 314 , 5779 , -5465
4630 , 5779 , 1909 , 3870
4631 , 1909 , 1909 , 0
4632 , 1909 , 1909 , 0
4633 , 1909 , 5779 , -3870
4634 , 5779 , 1909 , 3870
4635 , 1909 , 1909 , 0
4636 , 1909 , 1909 , 0
4637 , 1909 , 1909 , 0
4638 , 1909 , 314 , 1595
4639 , 314 , 1909 , -1595
4640 , 1909 , 1909 , 0
4641 , 1909 , 1909 , 0
4642 , 1909 , 1909 , 0
4643 , 1909 , 1909 , 0
4644 , 1909 , 1909 , 0
4645 , 1909 , 1909 , 0
4646 , 1909 , 1909 , 0
4647 , 1909 , 5779 , -3870
4648 , 5779 , 5779 , 0
4649 , 1909 , 1909 , 0
4650 , 1909 , 1909 , 0
4651 , 5779 , 5779 , 0
4652 , 5779 , 1909 , 3870
4653 , 1909 , 5779 , -3870
4654 , 5779 , 5779 , 0
4655 , 5779 , 5779 , 0
4656 , 3701 , 5779 , -2078
4657 , 5779 , 5779 , 0
4658 , 5779 , 5779 , 0
4659 , 5779 , 5779 , 0
4660 , 3701 , 3701 , 0
4661 , 3701 , 5779 , -2078
4662 , 5779 , 5779 , 0
4663 , 3701 , 3701 , 0
4664 , 3701 , 3701 , 0
4665 , 3701 , 3701 , 0
4666 , 3701 , 5779 , -2078
4667 , 5779 , 5779 , 0
4668 , 5779 , 5779 , 0
4669 , 5779 , 5779 , 0
4670 , 5779 , 5779 , 0
4671 , 5779 , 5779 , 0
4672 , 5779 , 5779 , 0
4673 , 5779 , 5779 , 0
4674 , 5779 , 5779 , 0
4675 , 5779 , 5779 , 0
4676 , 5779 , 5779 , 0
4677 , 5779 , 5779 , 0
4678 , 5779 , 5779 , 0
4679 , 5779 , 5779 , 0
4680 , 5779 , 5779 , 0
4681 , 5779 , 5779 , 0
4682 , 5779 , 5779 , 0
4683 , 5779 , 5779 , 0
4684 , 5779 , 5779 , 0
4685 , 5779 , 5779 , 0
4686 , 5779 , 5779 , 0
4687 , 5779 , 5779 , 0
4688 , 5779 , 5779 , 0
4689 , 5779 , 5779 , 0
4690 , 5779 , 5779 , 0
4691 , 5779 , 5779 , 0
4692 , 5779 , 5779 , 0
4693 , 5779 , 5779 , 0
4694 , 5779 , 5779 , 0
4695 , 5779 , 5779 , 0
4696 , 5779 , 5779 , 0
4697 , 5779 , 5779 , 0
4698 , 5779 , 5779 , 0
4699 , 5779 , 5779 , 0
4700 , 5779 , 5779 , 0
4701 , 5779 , 5779 , 0
4702 , 5779 , 5779 , 0
4703 , 5779 , 5779 , 0
4704 , 5779 , 5779 , 0
4705 , 5779 , 5779 , 0
4706 , 5779 , 5779 , 0
4707 , 5779 , 5779 , 0
4708 , 5779 , 5779 , 0
4709 , 5779 , 5779 , 0
4710 , 5779 , 5779 , 0
4711 , 5779 , 5779 , 0
4712 , 5779 , 5779 , 0
4713 , 5779 , 5779 , 0
4714 , 5779 , 5779 , 0
4715 , 5779 , 5779 , 0
4716 , 5779 , 5779 , 0
4717 , 5779 , 5779 , 0
4718 , 5779 , 5779 , 0
4719 , 5779 , 5779 , 0
4720 , 5779 , 5779 , 0
4721 , 5779 , 5779 , 0
4722 , 5779 , 5779 , 0
4723 , 5779 , 5779 , 0
4724 , 5779 , 5779 , 0
4725 , 5779 , 5779 , 0
4726 , 5779 , 5779 , 0
4727 , 5779 , 5779 , 0
4728 , 5779 , 5779 , 0
4729 , 5779 , 5779 , 0
4730 , 5779 , 5779 , 0
4731 , 5779 , 5779 , 0
4732 , 5779 , 5779 , 0
4733 , 5779 , 5779 , 0
4734 , 5779 , 5779 , 0
4735 , 5779 , 5779 , 0
4736 , 5779 , 5779 , 0
4737 , 5779 , 5779 , 0
4738 , 5779 , 5779 , 0
4739 , 5779 , 5779 , 0
4740 , 5779 , 5779 , 0
4741 , 5779 , 5779 , 0
4742 , 5779 , 5779 , 0
4743 , 5779 , 5779 , 0
4744 , 5779 , 5779 , 0
4745 , 5779 , 5779 , 0
4746 , 5779 , 5779 , 0
4747 , 5779 , 5779 , 0
4748 , 5779 , 5779 , 0
4749 , 5779 , 5779 , 0
4750 , 5779 , 5779 , 0
4751 , 5779 , 5779 , 0
4752 , 5779 , 5779 , 0
4753 , 5779 , 5779 , 0
4754 , 5779 , 5779 , 0
4755 , 5779 , 5779 , 0
4756 , 5779 , 5779 , 0
4757 , 5779 , 5779 , 0
4758 , 5779 , 5779 , 0
4759 , 5779 , 5779 , 0
4760 , 5779 , 5779 , 0
4761 , 5779 , 5779 , 0
4762 , 5779 , 5779 , 0
4763 , 5779 , 5779 , 0
4764 , 5779 , 5779 , 0
4765 , 5779 , 5779 , 0
4766 , 5779 , 5779 , 0
4767 , 5779 , 5779 , 0
4768 , 5779 , 5779 , 0
4769 , 5779 , 5779 , 0
4770 , 5779 , 5779 , 0
4771 , 5779 , 5779 , 0
4772 , 5779 , 5779 , 0
4773 , 5779 , 1909 , 3870
4774 , 5779 , 5779 , 0
4775 , 5779 , 1909 , 3870
4776 , 5779 , 5779 , 0
4777 , 5779 , 5779 , 0
4778 , 5779 , 5779 , 0
4779 , 5779 , 5779 , 0
4780 , 5779 , 5779 , 0
4781 , 5779 , 5779 , 0
4782 , 5779 , 5779 , 0
4783 , 1909 , 1909 , 0
4784 , 1909 , 1909 , 0
4785 , 1909 , 1909 , 0
4786 , 1909 , 5779 , -3870
4787 , 1909 , 1909 , 0
4788 , 1909 , 1909 , 0
4789 , 1909 , 1909 , 0
4790 , 1909 , 1909 , 0
4791 , 1909 , 1909 , 0
4792 , 1909 , 1909 , 0
4793 , 1909 , 1909 , 0
4794 , 1909 , 1909 , 0
4795 , 1909 , 1909 , 0
4796 , 1909 , 1909 , 0
4797 , 1909 , 1909 , 0
4798 , 1909 , 1909 , 0
4799 , 1909 , 1909 , 0
4800 , 1909 , 1909 , 0
4801 , 1909 , 1909 , 0
4802 , 1909 , 1909 , 0
4803 , 1909 , 1909 , 0
4804 , 1909 , 1909 , 0
4805 , 1909 , 1909 , 0
4806 , 1909 , 1909 , 0
4807 , 1909 , 5779 , -3870
4808 , 1909 , 1909 , 0
4809 , 1909 , 1909 , 0
4810 , 1909 , 1909 , 0
4811 , 1909 , 1909 , 0
4812 , 5779 , 1909 , 3870
4813 , 1909 , 1909 , 0
4814 , 5779 , 5779 , 0
4815 , 5779 , 5779 , 0
4816 , 5779 , 5779 , 0
4817 , 5779 , 5779 , 0
4818 , 5779 , 5779 , 0
4819 , 5779 , 5779 , 0
4820 , 5779 , 5779 , 0
4821 , 5779 , 5779 , 0
4822 , 5779 , 5779 , 0
4823 , 1909 , 1909 , 0
4824 , 1909 , 5779 , -3870
4825 , 1909 , 1909 , 0
4826 , 1909 , 1909 , 0
4827 , 1909 , 5779 , -3870
4828 , 5779 , 1909 , 3870
4829 , 1909 , 1909 , 0
4830 , 5779 , 5779 , 0
4831 , 1909 , 1909 , 0
4832 , 1909 , 1909 , 0
4833 , 1909 , 1909 , 0
4834 , 1909 , 1909 , 0
4835 , 1909 , 5779 , -3870
4836 , 5779 , 1909 , 3870
4837 , 5779 , 5779 , 0
4838 , 5779 , 5779 , 0
4839 , 5779 , 5779 , 0
4840 , 5779 , 5779 , 0
4841 , 5779 , 5779 , 0
4842 , 5779 , 5779 , 0
4843 , 5779 , 5779 , 0
4844 , 5779 , 5779 , 0
4845 , 5779 , 5779 , 0
4846 , 5779 , 5779 , 0
4847 , 5779 , 5779 , 0
4848 , 5779 , 5779 , 0
4849 , 5779 , 5779 , 0
4850 , 5779 , 5779 , 0
4851 , 5779 , 5779 , 0
4852 , 5779 , 5779 , 0
4853 , 5779 , 5779 , 0
4854 , 5779 , 5779 , 0
4855 , 5779 , 5779 , 0
4856 , 5779 , 5779 , 0
4857 , 5779 , 5779 , 0
4858 , 5779 , 5779 , 0
4859 , 5779 , 5779 , 0
4860 , 5779 , 5779 , 0
4861 , 5779 , 5779 , 0
4862 , 5779 , 5779 , 0
4863 , 5779 , 5779 , 0
4864 , 5779 , 5779 , 0
4865 , 5779 , 5779 , 0
4866 , 5779 , 5779 , 0
4867 , 5779 , 5779 , 0
4868 , 5779 , 5781 , -2
4869 , 5779 , 5779 , 0
4870 , 5779 , 5779 , 0
4871 , 5779 , 5781 , -2
4872 , 5779 , 5779 , 0
4873 , 5779 , 5779 , 0
4874 , 5779 , 5779 , 0
4875 , 5779 , 5779 , 0
4876 , 5779 , 5779 , 0
4877 , 5779 , 5779 , 0
4878 , 5779 , 5779 , 0
4879 , 5779 , 5779 , 0
4880 , 5779 , 5779 , 0
4881 , 5779 , 5779 , 0
4882 , 5779 , 5779 , 0
4883 , 5779 , 5779 , 0
4884 , 5779 , 5779 , 0
4885 , 5779 , 5779 , 0
4886 , 5779 , 5779 , 0
4887 , 5779 , 5779 , 0
4888 , 5779 , 5779 , 0
4889 , 1909 , 1909 , 0
4890 , 1909 , 1909 , 0
4891 , 1909 , 1909 , 0
4892 , 1909 , 5779 , -3870
4893 , 1909 , 1909 , 0
4894 , 1909 , 1909 , 0
4895 , 1909 , 1909 , 0
4896 , 1909 , 5779 , -3870
4897 , 1909 , 1909 , 0
4898 , 1909 , 1909 , 0
4899 , 1909 , 5779 , -3870
4900 , 1909 , 1909 , 0
4901 , 1909 , 1909 , 0
4902 , 1909 , 1909 , 0
4903 , 1909 , 5779 , -3870
4904 , 1909 , 1909 , 0
4905 , 1909 , 1909 , 0
4906 , 1909 , 1909 , 0
4907 , 1909 , 1909 , 0
4908 , 1909 , 1909 , 0
4909 , 1909 , 1909 , 0
4910 , 1909 , 1909 , 0
4911 , 1909 , 1909 , 0
4912 , 1909 , 1909 , 0
4913 , 1909 , 1909 , 0
4914 , 1909 , 1909 , 0
4915 , 1909 , 1909 , 0
4916 , 1909 , 1909 , 0
4917 , 1909 , 1909 , 0
4918 , 1909 , 1909 , 0
4919 , 1909 , 1909 , 0
4920 , 1909 , 1909 , 0
4921 , 1909 , 1909 , 0
4922 , 1909 , 1909 , 0
4923 , 1909 , 1909 , 0
4924 , 1909 , 1909 , 0
4925 , 1909 , 1909 , 0
4926 , 1909 , 1909 , 0
4927 , 1909 , 1909 , 0
4928 , 1909 , 1909 , 0
4929 , 1909 , 1909 , 0
4930 , 1909 , 1909 , 0
4931 , 1909 , 1909 , 0
4932 , 1909 , 1909 , 0
4933 , 1909 , 1909 , 0
4934 , 1909 , 1909 , 0
4935 , 1909 , 1909 , 0
4936 , 1909 , 1909 , 0
4937 , 1909 , 1909 , 0
4938 , 1909 , 1909 , 0
4939 , 1909 , 314 , 1595
4940 , 314 , 314 , 0
4941 , 314 , 314 , 0
4942 , 314 , 314 , 0
4943 , 314 , 314 , 0
4944 , 314 , 314 , 0
4945 , 314 , 314 , 0
4946 , 314 , 314 , 0
4947 , 314 , 314 , 0
4948 , 314 , 314 , 0
4949 , 314 , 3701 , -3387
4950 , 3701 , 314 , 3387
4951 , 314 , 3701 , -3387
4952 , 3701 , 3701 , 0
4953 , 3701 , 3701 , 0
4954 , 3701 , 3701 , 0
4955 , 3701 , 3701 , 0
4956 , 3701 , 3701 , 0
4957 , 3701 , 3701 , 0
4958 , 3701 , 3701 , 0
4959 , 3701 , 3701 , 0
4960 , 3701 , 3701 , 0
4961 , 3701 , 3701 , 0
4962 , 3701 , 3701 , 0
4963 , 3701 , 3701 , 0
4964 , 3701 , 3701 , 0
4965 , 3701 , 3701 , 0
4966 , 3701 , 3701 , 0
4967 , 3701 , 3701 , 0
4968 , 3701 , 3701 , 0
4969 , 3701 , 3701 , 0
4970 , 3701 , 3701 , 0
4971 , 3701 , 3701 , 0
4972 , 3701 , 3701 , 0
4973 , 3701 , 3701 , 0
4974 , 3701 , 3701 , 0
4975 , 3701 , 3701 , 0
4976 , 3701 , 3701 , 0
4977 , 3701 , 314 , 3387
4978 , 3701 , 3701 , 0
4979 , 3701 , 3701 , 0
4980 , 314 , 3701 , -3387
4981 , 3701 , 3701 , 0
4982 , 3701 , 3701 , 0
4983 , 3701 , 314 , 3387
4984 , 3701 , 3701 , 0
4985 , 3701 , 314 , 3387
4986 , 314 , 3701 , -3387
4987 , 3701 , 314 , 3387
4988 , 314 , 314 , 0
4989 , 3701 , 314 , 3387
4990 , 314 , 314 , 0
4991 , 314 , 3701 , -3387
4992 , 3701 , 3701 , 0
4993 , 314 , 3701 , -3387
4994 , 3701 , 314 , 3387
4995 , 314 , 314 , 0
4996 , 314 , 314 , 0
4997 , 314 , 3701 , -3387
4998 , 314 , 314 , 0
4999 , 314 , 314 , 0
5000 , 314 , 314 , 0
